Wavelength	Intensity
1.008000000000E+3	2.000000000000E+0
1.008046920821E+3	3.000000000000E+0
1.008093841642E+3	4.000000000000E+0
1.008140762463E+3	0.000000000000E+0
1.008187683284E+3	2.000000000000E+0
1.008234604106E+3	8.000000000000E+0
1.008281524927E+3	7.000000000000E+0
1.008328445748E+3	0.000000000000E+0
1.008375366569E+3	4.000000000000E+0
1.008422287390E+3	4.000000000000E+0
1.008469208211E+3	1.000000000000E+1
1.008516129032E+3	4.000000000000E+0
1.008563049853E+3	0.000000000000E+0
1.008609970674E+3	0.000000000000E+0
1.008656891496E+3	1.000000000000E+0
1.008703812317E+3	7.000000000000E+0
1.008750733138E+3	2.000000000000E+0
1.008797653959E+3	2.000000000000E+0
1.008844574780E+3	1.000000000000E+1
1.008891495601E+3	9.000000000000E+0
1.008938416422E+3	6.000000000000E+0
1.008985337243E+3	0.000000000000E+0
1.009032258065E+3	1.000000000000E+0
1.009079178886E+3	0.000000000000E+0
1.009126099707E+3	7.000000000000E+0
1.009173020528E+3	0.000000000000E+0
1.009219941349E+3	4.000000000000E+0
1.009266862170E+3	3.000000000000E+0
1.009313782991E+3	7.000000000000E+0
1.009360703812E+3	4.000000000000E+0
1.009407624633E+3	5.000000000000E+0
1.009454545455E+3	4.000000000000E+0
1.009501466276E+3	1.000000000000E+0
1.009548387097E+3	3.000000000000E+0
1.009595307918E+3	0.000000000000E+0
1.009642228739E+3	5.000000000000E+0
1.009689149560E+3	0.000000000000E+0
1.009736070381E+3	0.000000000000E+0
1.009782991202E+3	6.000000000000E+0
1.009829912023E+3	1.000000000000E+0
1.009876832845E+3	0.000000000000E+0
1.009923753666E+3	0.000000000000E+0
1.009970674487E+3	6.000000000000E+0
1.010017595308E+3	8.000000000000E+0
1.010064516129E+3	0.000000000000E+0
1.010111436950E+3	3.000000000000E+0
1.010158357771E+3	0.000000000000E+0
1.010205278592E+3	8.000000000000E+0
1.010252199413E+3	0.000000000000E+0
1.010299120235E+3	2.000000000000E+0
1.010346041056E+3	0.000000000000E+0
1.010392961877E+3	0.000000000000E+0
1.010439882698E+3	1.000000000000E+0
1.010486803519E+3	4.000000000000E+0
1.010533724340E+3	5.000000000000E+0
1.010580645161E+3	0.000000000000E+0
1.010627565982E+3	0.000000000000E+0
1.010674486804E+3	0.000000000000E+0
1.010721407625E+3	1.000000000000E+0
1.010768328446E+3	2.000000000000E+0
1.010815249267E+3	0.000000000000E+0
1.010862170088E+3	6.000000000000E+0
1.010909090909E+3	1.000000000000E+0
1.010956011730E+3	4.000000000000E+0
1.011002932551E+3	3.000000000000E+0
1.011049853372E+3	5.000000000000E+0
1.011096774194E+3	0.000000000000E+0
1.011143695015E+3	4.000000000000E+0
1.011190615836E+3	3.000000000000E+0
1.011237536657E+3	0.000000000000E+0
1.011284457478E+3	2.000000000000E+0
1.011331378299E+3	0.000000000000E+0
1.011378299120E+3	3.000000000000E+0
1.011425219941E+3	0.000000000000E+0
1.011472140762E+3	0.000000000000E+0
1.011519061584E+3	5.000000000000E+0
1.011565982405E+3	2.000000000000E+0
1.011612903226E+3	2.000000000000E+0
1.011659824047E+3	0.000000000000E+0
1.011706744868E+3	5.000000000000E+0
1.011753665689E+3	0.000000000000E+0
1.011800586510E+3	8.000000000000E+0
1.011847507331E+3	2.000000000000E+0
1.011894428152E+3	0.000000000000E+0
1.011941348974E+3	2.000000000000E+0
1.011988269795E+3	4.000000000000E+0
1.012035190616E+3	4.000000000000E+0
1.012082111437E+3	0.000000000000E+0
1.012129032258E+3	4.000000000000E+0
1.012175953079E+3	0.000000000000E+0
1.012222873900E+3	5.000000000000E+0
1.012269794721E+3	1.000000000000E+0
1.012316715543E+3	9.000000000000E+0
1.012363636364E+3	6.000000000000E+0
1.012410557185E+3	0.000000000000E+0
1.012457478006E+3	1.000000000000E+0
1.012504398827E+3	0.000000000000E+0
1.012551319648E+3	1.000000000000E+1
1.012598240469E+3	7.000000000000E+0
1.012645161290E+3	8.000000000000E+0
1.012692082111E+3	1.000000000000E+0
1.012739002933E+3	0.000000000000E+0
1.012785923754E+3	1.000000000000E+1
1.012832844575E+3	0.000000000000E+0
1.012879765396E+3	0.000000000000E+0
1.012926686217E+3	0.000000000000E+0
1.012973607038E+3	3.000000000000E+0
1.013020527859E+3	1.000000000000E+1
1.013067448680E+3	4.000000000000E+0
1.013114369501E+3	0.000000000000E+0
1.013161290323E+3	0.000000000000E+0
1.013208211144E+3	3.000000000000E+0
1.013255131965E+3	0.000000000000E+0
1.013302052786E+3	4.000000000000E+0
1.013348973607E+3	5.000000000000E+0
1.013395894428E+3	0.000000000000E+0
1.013442815249E+3	0.000000000000E+0
1.013489736070E+3	5.000000000000E+0
1.013536656891E+3	1.000000000000E+1
1.013583577713E+3	2.000000000000E+0
1.013630498534E+3	4.000000000000E+0
1.013677419355E+3	0.000000000000E+0
1.013724340176E+3	1.100000000000E+1
1.013771260997E+3	3.000000000000E+0
1.013818181818E+3	0.000000000000E+0
1.013865102639E+3	2.000000000000E+0
1.013912023460E+3	1.000000000000E+0
1.013958944282E+3	2.000000000000E+0
1.014005865103E+3	0.000000000000E+0
1.014052785924E+3	3.000000000000E+0
1.014099706745E+3	0.000000000000E+0
1.014146627566E+3	1.000000000000E+0
1.014193548387E+3	0.000000000000E+0
1.014240469208E+3	0.000000000000E+0
1.014287390029E+3	1.000000000000E+1
1.014334310850E+3	0.000000000000E+0
1.014381231672E+3	0.000000000000E+0
1.014428152493E+3	5.000000000000E+0
1.014475073314E+3	0.000000000000E+0
1.014521994135E+3	0.000000000000E+0
1.014568914956E+3	1.000000000000E+0
1.014615835777E+3	0.000000000000E+0
1.014662756598E+3	0.000000000000E+0
1.014709677419E+3	0.000000000000E+0
1.014756598240E+3	0.000000000000E+0
1.014803519062E+3	2.000000000000E+0
1.014850439883E+3	2.000000000000E+0
1.014897360704E+3	0.000000000000E+0
1.014944281525E+3	0.000000000000E+0
1.014991202346E+3	0.000000000000E+0
1.015038123167E+3	1.000000000000E+0
1.015085043988E+3	4.000000000000E+0
1.015131964809E+3	8.000000000000E+0
1.015178885630E+3	4.000000000000E+0
1.015225806452E+3	2.000000000000E+0
1.015272727273E+3	6.000000000000E+0
1.015319648094E+3	2.000000000000E+0
1.015366568915E+3	7.000000000000E+0
1.015413489736E+3	4.000000000000E+0
1.015460410557E+3	1.000000000000E+0
1.015507331378E+3	7.000000000000E+0
1.015554252199E+3	0.000000000000E+0
1.015601173021E+3	1.000000000000E+1
1.015648093842E+3	0.000000000000E+0
1.015695014663E+3	0.000000000000E+0
1.015741935484E+3	0.000000000000E+0
1.015788856305E+3	0.000000000000E+0
1.015835777126E+3	0.000000000000E+0
1.015882697947E+3	2.000000000000E+0
1.015929618768E+3	2.000000000000E+0
1.015976539589E+3	7.000000000000E+0
1.016023460411E+3	0.000000000000E+0
1.016070381232E+3	0.000000000000E+0
1.016117302053E+3	0.000000000000E+0
1.016164222874E+3	3.000000000000E+0
1.016211143695E+3	6.000000000000E+0
1.016258064516E+3	1.100000000000E+1
1.016304985337E+3	1.000000000000E+0
1.016351906158E+3	0.000000000000E+0
1.016398826979E+3	0.000000000000E+0
1.016445747801E+3	9.000000000000E+0
1.016492668622E+3	7.000000000000E+0
1.016539589443E+3	1.000000000000E+0
1.016586510264E+3	0.000000000000E+0
1.016633431085E+3	1.000000000000E+0
1.016680351906E+3	4.000000000000E+0
1.016727272727E+3	2.000000000000E+0
1.016774193548E+3	6.000000000000E+0
1.016821114370E+3	3.000000000000E+0
1.016868035191E+3	0.000000000000E+0
1.016914956012E+3	8.000000000000E+0
1.016961876833E+3	5.000000000000E+0
1.017008797654E+3	5.000000000000E+0
1.017055718475E+3	5.000000000000E+0
1.017102639296E+3	6.000000000000E+0
1.017149560117E+3	0.000000000000E+0
1.017196480938E+3	4.000000000000E+0
1.017243401760E+3	0.000000000000E+0
1.017290322581E+3	7.000000000000E+0
1.017337243402E+3	9.000000000000E+0
1.017384164223E+3	2.000000000000E+0
1.017431085044E+3	1.000000000000E+0
1.017478005865E+3	0.000000000000E+0
1.017524926686E+3	4.000000000000E+0
1.017571847507E+3	0.000000000000E+0
1.017618768328E+3	8.000000000000E+0
1.017665689150E+3	4.000000000000E+0
1.017712609971E+3	0.000000000000E+0
1.017759530792E+3	6.000000000000E+0
1.017806451613E+3	0.000000000000E+0
1.017853372434E+3	0.000000000000E+0
1.017900293255E+3	1.000000000000E+0
1.017947214076E+3	2.000000000000E+0
1.017994134897E+3	2.000000000000E+0
1.018041055718E+3	4.000000000000E+0
1.018087976540E+3	8.000000000000E+0
1.018134897361E+3	3.000000000000E+0
1.018181818182E+3	0.000000000000E+0
1.018228739003E+3	0.000000000000E+0
1.018275659824E+3	3.000000000000E+0
1.018322580645E+3	0.000000000000E+0
1.018369501466E+3	7.000000000000E+0
1.018416422287E+3	1.000000000000E+0
1.018463343109E+3	2.000000000000E+0
1.018510263930E+3	1.300000000000E+1
1.018557184751E+3	3.000000000000E+0
1.018604105572E+3	8.000000000000E+0
1.018651026393E+3	3.000000000000E+0
1.018697947214E+3	0.000000000000E+0
1.018744868035E+3	5.000000000000E+0
1.018791788856E+3	0.000000000000E+0
1.018838709677E+3	6.000000000000E+0
1.018885630499E+3	0.000000000000E+0
1.018932551320E+3	6.000000000000E+0
1.018979472141E+3	1.000000000000E+0
1.019026392962E+3	4.000000000000E+0
1.019073313783E+3	4.000000000000E+0
1.019120234604E+3	6.000000000000E+0
1.019167155425E+3	4.000000000000E+0
1.019214076246E+3	2.000000000000E+0
1.019260997067E+3	7.000000000000E+0
1.019307917889E+3	4.000000000000E+0
1.019354838710E+3	6.000000000000E+0
1.019401759531E+3	0.000000000000E+0
1.019448680352E+3	7.000000000000E+0
1.019495601173E+3	1.000000000000E+0
1.019542521994E+3	0.000000000000E+0
1.019589442815E+3	5.000000000000E+0
1.019636363636E+3	0.000000000000E+0
1.019683284457E+3	3.000000000000E+0
1.019730205279E+3	0.000000000000E+0
1.019777126100E+3	3.000000000000E+0
1.019824046921E+3	7.000000000000E+0
1.019870967742E+3	0.000000000000E+0
1.019917888563E+3	9.000000000000E+0
1.019964809384E+3	0.000000000000E+0
1.020011730205E+3	5.000000000000E+0
1.020058651026E+3	0.000000000000E+0
1.020105571848E+3	6.000000000000E+0
1.020152492669E+3	3.000000000000E+0
1.020199413490E+3	0.000000000000E+0
1.020246334311E+3	0.000000000000E+0
1.020293255132E+3	1.000000000000E+0
1.020340175953E+3	4.000000000000E+0
1.020387096774E+3	3.000000000000E+0
1.020434017595E+3	8.000000000000E+0
1.020480938416E+3	2.000000000000E+0
1.020527859238E+3	2.000000000000E+0
1.020574780059E+3	0.000000000000E+0
1.020621700880E+3	5.000000000000E+0
1.020668621701E+3	1.000000000000E+1
1.020715542522E+3	0.000000000000E+0
1.020762463343E+3	9.000000000000E+0
1.020809384164E+3	4.000000000000E+0
1.020856304985E+3	9.000000000000E+0
1.020903225806E+3	2.000000000000E+0
1.020950146628E+3	0.000000000000E+0
1.020997067449E+3	7.000000000000E+0
1.021043988270E+3	0.000000000000E+0
1.021090909091E+3	1.000000000000E+1
1.021137829912E+3	4.000000000000E+0
1.021184750733E+3	8.000000000000E+0
1.021231671554E+3	4.000000000000E+0
1.021278592375E+3	4.000000000000E+0
1.021325513196E+3	0.000000000000E+0
1.021372434018E+3	0.000000000000E+0
1.021419354839E+3	1.100000000000E+1
1.021466275660E+3	3.000000000000E+0
1.021513196481E+3	7.000000000000E+0
1.021560117302E+3	5.000000000000E+0
1.021607038123E+3	0.000000000000E+0
1.021653958944E+3	0.000000000000E+0
1.021700879765E+3	4.000000000000E+0
1.021747800587E+3	1.200000000000E+1
1.021794721408E+3	0.000000000000E+0
1.021841642229E+3	1.000000000000E+1
1.021888563050E+3	1.000000000000E+0
1.021935483871E+3	8.000000000000E+0
1.021982404692E+3	0.000000000000E+0
1.022029325513E+3	7.000000000000E+0
1.022076246334E+3	1.200000000000E+1
1.022123167155E+3	7.000000000000E+0
1.022170087977E+3	0.000000000000E+0
1.022217008798E+3	0.000000000000E+0
1.022263929619E+3	1.000000000000E+0
1.022310850440E+3	5.000000000000E+0
1.022357771261E+3	0.000000000000E+0
1.022404692082E+3	5.000000000000E+0
1.022451612903E+3	6.000000000000E+0
1.022498533724E+3	6.000000000000E+0
1.022545454545E+3	0.000000000000E+0
1.022592375367E+3	1.400000000000E+1
1.022639296188E+3	8.000000000000E+0
1.022686217009E+3	4.000000000000E+0
1.022733137830E+3	0.000000000000E+0
1.022780058651E+3	0.000000000000E+0
1.022826979472E+3	0.000000000000E+0
1.022873900293E+3	0.000000000000E+0
1.022920821114E+3	6.000000000000E+0
1.022967741935E+3	4.000000000000E+0
1.023014662757E+3	0.000000000000E+0
1.023061583578E+3	4.000000000000E+0
1.023108504399E+3	6.000000000000E+0
1.023155425220E+3	2.000000000000E+0
1.023202346041E+3	4.000000000000E+0
1.023249266862E+3	7.000000000000E+0
1.023296187683E+3	0.000000000000E+0
1.023343108504E+3	3.000000000000E+0
1.023390029326E+3	3.000000000000E+0
1.023436950147E+3	0.000000000000E+0
1.023483870968E+3	0.000000000000E+0
1.023530791789E+3	4.000000000000E+0
1.023577712610E+3	3.000000000000E+0
1.023624633431E+3	0.000000000000E+0
1.023671554252E+3	1.000000000000E+0
1.023718475073E+3	8.000000000000E+0
1.023765395894E+3	0.000000000000E+0
1.023812316716E+3	1.000000000000E+0
1.023859237537E+3	0.000000000000E+0
1.023906158358E+3	2.000000000000E+0
1.023953079179E+3	0.000000000000E+0
1.024000000000E+3	5.000000000000E+0
1.024046920821E+3	4.000000000000E+0
1.024093841642E+3	0.000000000000E+0
1.024140762463E+3	8.000000000000E+0
1.024187683284E+3	1.000000000000E+0
1.024234604106E+3	5.000000000000E+0
1.024281524927E+3	0.000000000000E+0
1.024328445748E+3	0.000000000000E+0
1.024375366569E+3	4.000000000000E+0
1.024422287390E+3	0.000000000000E+0
1.024469208211E+3	9.000000000000E+0
1.024516129032E+3	5.000000000000E+0
1.024563049853E+3	0.000000000000E+0
1.024609970674E+3	4.000000000000E+0
1.024656891496E+3	0.000000000000E+0
1.024703812317E+3	3.000000000000E+0
1.024750733138E+3	2.000000000000E+0
1.024797653959E+3	0.000000000000E+0
1.024844574780E+3	0.000000000000E+0
1.024891495601E+3	0.000000000000E+0
1.024938416422E+3	4.000000000000E+0
1.024985337243E+3	4.000000000000E+0
1.025032258065E+3	5.000000000000E+0
1.025079178886E+3	1.000000000000E+0
1.025126099707E+3	8.000000000000E+0
1.025173020528E+3	0.000000000000E+0
1.025219941349E+3	8.000000000000E+0
1.025266862170E+3	0.000000000000E+0
1.025313782991E+3	1.000000000000E+0
1.025360703812E+3	4.000000000000E+0
1.025407624633E+3	4.000000000000E+0
1.025454545455E+3	2.000000000000E+0
1.025501466276E+3	0.000000000000E+0
1.025548387097E+3	1.000000000000E+1
1.025595307918E+3	0.000000000000E+0
1.025642228739E+3	1.000000000000E+0
1.025689149560E+3	1.000000000000E+0
1.025736070381E+3	4.000000000000E+0
1.025782991202E+3	7.000000000000E+0
1.025829912023E+3	0.000000000000E+0
1.025876832845E+3	1.000000000000E+0
1.025923753666E+3	0.000000000000E+0
1.025970674487E+3	0.000000000000E+0
1.026017595308E+3	9.000000000000E+0
1.026064516129E+3	5.000000000000E+0
1.026111436950E+3	0.000000000000E+0
1.026158357771E+3	4.000000000000E+0
1.026205278592E+3	5.000000000000E+0
1.026252199413E+3	0.000000000000E+0
1.026299120235E+3	5.000000000000E+0
1.026346041056E+3	4.000000000000E+0
1.026392961877E+3	0.000000000000E+0
1.026439882698E+3	2.000000000000E+0
1.026486803519E+3	4.000000000000E+0
1.026533724340E+3	1.000000000000E+0
1.026580645161E+3	0.000000000000E+0
1.026627565982E+3	4.000000000000E+0
1.026674486804E+3	2.000000000000E+0
1.026721407625E+3	1.100000000000E+1
1.026768328446E+3	8.000000000000E+0
1.026815249267E+3	2.000000000000E+0
1.026862170088E+3	1.200000000000E+1
1.026909090909E+3	7.000000000000E+0
1.026956011730E+3	5.000000000000E+0
1.027002932551E+3	2.000000000000E+0
1.027049853372E+3	7.000000000000E+0
1.027096774194E+3	9.000000000000E+0
1.027143695015E+3	4.000000000000E+0
1.027190615836E+3	7.000000000000E+0
1.027237536657E+3	4.000000000000E+0
1.027284457478E+3	8.000000000000E+0
1.027331378299E+3	1.000000000000E+0
1.027378299120E+3	6.000000000000E+0
1.027425219941E+3	0.000000000000E+0
1.027472140762E+3	1.200000000000E+1
1.027519061584E+3	8.000000000000E+0
1.027565982405E+3	3.000000000000E+0
1.027612903226E+3	4.000000000000E+0
1.027659824047E+3	3.000000000000E+0
1.027706744868E+3	6.000000000000E+0
1.027753665689E+3	0.000000000000E+0
1.027800586510E+3	2.000000000000E+0
1.027847507331E+3	5.000000000000E+0
1.027894428152E+3	0.000000000000E+0
1.027941348974E+3	6.000000000000E+0
1.027988269795E+3	1.000000000000E+0
1.028035190616E+3	3.000000000000E+0
1.028082111437E+3	0.000000000000E+0
1.028129032258E+3	8.000000000000E+0
1.028175953079E+3	9.000000000000E+0
1.028222873900E+3	2.000000000000E+0
1.028269794721E+3	1.000000000000E+0
1.028316715543E+3	0.000000000000E+0
1.028363636364E+3	7.000000000000E+0
1.028410557185E+3	2.000000000000E+0
1.028457478006E+3	9.000000000000E+0
1.028504398827E+3	9.000000000000E+0
1.028551319648E+3	0.000000000000E+0
1.028598240469E+3	0.000000000000E+0
1.028645161290E+3	4.000000000000E+0
1.028692082111E+3	0.000000000000E+0
1.028739002933E+3	0.000000000000E+0
1.028785923754E+3	9.000000000000E+0
1.028832844575E+3	3.000000000000E+0
1.028879765396E+3	0.000000000000E+0
1.028926686217E+3	7.000000000000E+0
1.028973607038E+3	0.000000000000E+0
1.029020527859E+3	0.000000000000E+0
1.029067448680E+3	0.000000000000E+0
1.029114369501E+3	0.000000000000E+0
1.029161290323E+3	8.000000000000E+0
1.029208211144E+3	2.000000000000E+0
1.029255131965E+3	8.000000000000E+0
1.029302052786E+3	0.000000000000E+0
1.029348973607E+3	0.000000000000E+0
1.029395894428E+3	8.000000000000E+0
1.029442815249E+3	7.000000000000E+0
1.029489736070E+3	8.000000000000E+0
1.029536656891E+3	2.000000000000E+0
1.029583577713E+3	1.300000000000E+1
1.029630498534E+3	0.000000000000E+0
1.029677419355E+3	1.100000000000E+1
1.029724340176E+3	1.200000000000E+1
1.029771260997E+3	5.000000000000E+0
1.029818181818E+3	1.000000000000E+0
1.029865102639E+3	0.000000000000E+0
1.029912023460E+3	0.000000000000E+0
1.029958944282E+3	1.000000000000E+0
1.030005865103E+3	8.000000000000E+0
1.030052785924E+3	0.000000000000E+0
1.030099706745E+3	1.000000000000E+1
1.030146627566E+3	6.000000000000E+0
1.030193548387E+3	7.000000000000E+0
1.030240469208E+3	0.000000000000E+0
1.030287390029E+3	4.000000000000E+0
1.030334310850E+3	4.000000000000E+0
1.030381231672E+3	0.000000000000E+0
1.030428152493E+3	1.000000000000E+1
1.030475073314E+3	0.000000000000E+0
1.030521994135E+3	0.000000000000E+0
1.030568914956E+3	5.000000000000E+0
1.030615835777E+3	0.000000000000E+0
1.030662756598E+3	0.000000000000E+0
1.030709677419E+3	0.000000000000E+0
1.030756598240E+3	2.000000000000E+0
1.030803519062E+3	0.000000000000E+0
1.030850439883E+3	3.000000000000E+0
1.030897360704E+3	0.000000000000E+0
1.030944281525E+3	0.000000000000E+0
1.030991202346E+3	4.000000000000E+0
1.031038123167E+3	1.000000000000E+0
1.031085043988E+3	7.000000000000E+0
1.031131964809E+3	0.000000000000E+0
1.031178885630E+3	2.000000000000E+0
1.031225806452E+3	5.000000000000E+0
1.031272727273E+3	5.000000000000E+0
1.031319648094E+3	1.000000000000E+0
1.031366568915E+3	0.000000000000E+0
1.031413489736E+3	3.000000000000E+0
1.031460410557E+3	2.000000000000E+0
1.031507331378E+3	6.000000000000E+0
1.031554252199E+3	0.000000000000E+0
1.031601173021E+3	5.000000000000E+0
1.031648093842E+3	2.000000000000E+0
1.031695014663E+3	5.000000000000E+0
1.031741935484E+3	0.000000000000E+0
1.031788856305E+3	3.000000000000E+0
1.031835777126E+3	6.000000000000E+0
1.031882697947E+3	4.000000000000E+0
1.031929618768E+3	3.000000000000E+0
1.031976539589E+3	0.000000000000E+0
1.032023460411E+3	0.000000000000E+0
1.032070381232E+3	4.000000000000E+0
1.032117302053E+3	0.000000000000E+0
1.032164222874E+3	4.000000000000E+0
1.032211143695E+3	7.000000000000E+0
1.032258064516E+3	0.000000000000E+0
1.032304985337E+3	5.000000000000E+0
1.032351906158E+3	1.000000000000E+0
1.032398826979E+3	0.000000000000E+0
1.032445747801E+3	0.000000000000E+0
1.032492668622E+3	5.000000000000E+0
1.032539589443E+3	2.000000000000E+0
1.032586510264E+3	0.000000000000E+0
1.032633431085E+3	0.000000000000E+0
1.032680351906E+3	8.000000000000E+0
1.032727272727E+3	0.000000000000E+0
1.032774193548E+3	0.000000000000E+0
1.032821114370E+3	6.000000000000E+0
1.032868035191E+3	0.000000000000E+0
1.032914956012E+3	2.000000000000E+0
1.032961876833E+3	3.000000000000E+0
1.033008797654E+3	1.000000000000E+0
1.033055718475E+3	5.000000000000E+0
1.033102639296E+3	8.000000000000E+0
1.033149560117E+3	4.000000000000E+0
1.033196480938E+3	3.000000000000E+0
1.033243401760E+3	1.000000000000E+0
1.033290322581E+3	5.000000000000E+0
1.033337243402E+3	0.000000000000E+0
1.033384164223E+3	4.000000000000E+0
1.033431085044E+3	1.000000000000E+0
1.033478005865E+3	4.000000000000E+0
1.033524926686E+3	0.000000000000E+0
1.033571847507E+3	2.000000000000E+0
1.033618768328E+3	8.000000000000E+0
1.033665689150E+3	5.000000000000E+0
1.033712609971E+3	6.000000000000E+0
1.033759530792E+3	7.000000000000E+0
1.033806451613E+3	8.000000000000E+0
1.033853372434E+3	4.000000000000E+0
1.033900293255E+3	0.000000000000E+0
1.033947214076E+3	0.000000000000E+0
1.033994134897E+3	0.000000000000E+0
1.034041055718E+3	7.000000000000E+0
1.034087976540E+3	0.000000000000E+0
1.034134897361E+3	7.000000000000E+0
1.034181818182E+3	6.000000000000E+0
1.034228739003E+3	0.000000000000E+0
1.034275659824E+3	5.000000000000E+0
1.034322580645E+3	0.000000000000E+0
1.034369501466E+3	0.000000000000E+0
1.034416422287E+3	4.000000000000E+0
1.034463343109E+3	1.000000000000E+0
1.034510263930E+3	0.000000000000E+0
1.034557184751E+3	5.000000000000E+0
1.034604105572E+3	2.000000000000E+0
1.034651026393E+3	5.000000000000E+0
1.034697947214E+3	0.000000000000E+0
1.034744868035E+3	0.000000000000E+0
1.034791788856E+3	1.000000000000E+0
1.034838709677E+3	1.800000000000E+1
1.034885630499E+3	0.000000000000E+0
1.034932551320E+3	0.000000000000E+0
1.034979472141E+3	3.000000000000E+0
1.035026392962E+3	0.000000000000E+0
1.035073313783E+3	0.000000000000E+0
1.035120234604E+3	8.000000000000E+0
1.035167155425E+3	2.000000000000E+0
1.035214076246E+3	1.000000000000E+0
1.035260997067E+3	0.000000000000E+0
1.035307917889E+3	0.000000000000E+0
1.035354838710E+3	0.000000000000E+0
1.035401759531E+3	1.000000000000E+0
1.035448680352E+3	5.000000000000E+0
1.035495601173E+3	1.000000000000E+0
1.035542521994E+3	0.000000000000E+0
1.035589442815E+3	2.000000000000E+0
1.035636363636E+3	1.000000000000E+0
1.035683284457E+3	0.000000000000E+0
1.035730205279E+3	6.000000000000E+0
1.035777126100E+3	6.000000000000E+0
1.035824046921E+3	1.000000000000E+0
1.035870967742E+3	5.000000000000E+0
1.035917888563E+3	0.000000000000E+0
1.035964809384E+3	1.000000000000E+0
1.036011730205E+3	6.000000000000E+0
1.036058651026E+3	4.000000000000E+0
1.036105571848E+3	1.000000000000E+1
1.036152492669E+3	5.000000000000E+0
1.036199413490E+3	4.000000000000E+0
1.036246334311E+3	2.000000000000E+0
1.036293255132E+3	0.000000000000E+0
1.036340175953E+3	3.000000000000E+0
1.036387096774E+3	9.000000000000E+0
1.036434017595E+3	0.000000000000E+0
1.036480938416E+3	5.000000000000E+0
1.036527859238E+3	6.000000000000E+0
1.036574780059E+3	1.300000000000E+1
1.036621700880E+3	9.000000000000E+0
1.036668621701E+3	2.000000000000E+0
1.036715542522E+3	1.000000000000E+0
1.036762463343E+3	4.000000000000E+0
1.036809384164E+3	4.000000000000E+0
1.036856304985E+3	4.000000000000E+0
1.036903225806E+3	4.000000000000E+0
1.036950146628E+3	8.000000000000E+0
1.036997067449E+3	9.000000000000E+0
1.037043988270E+3	3.000000000000E+0
1.037090909091E+3	3.000000000000E+0
1.037137829912E+3	0.000000000000E+0
1.037184750733E+3	0.000000000000E+0
1.037231671554E+3	0.000000000000E+0
1.037278592375E+3	0.000000000000E+0
1.037325513196E+3	6.000000000000E+0
1.037372434018E+3	0.000000000000E+0
1.037419354839E+3	1.100000000000E+1
1.037466275660E+3	7.000000000000E+0
1.037513196481E+3	3.000000000000E+0
1.037560117302E+3	3.000000000000E+0
1.037607038123E+3	1.200000000000E+1
1.037653958944E+3	5.000000000000E+0
1.037700879765E+3	0.000000000000E+0
1.037747800587E+3	2.000000000000E+0
1.037794721408E+3	9.000000000000E+0
1.037841642229E+3	6.000000000000E+0
1.037888563050E+3	1.000000000000E+0
1.037935483871E+3	5.000000000000E+0
1.037982404692E+3	1.000000000000E+0
1.038029325513E+3	5.000000000000E+0
1.038076246334E+3	1.000000000000E+1
1.038123167155E+3	9.000000000000E+0
1.038170087977E+3	0.000000000000E+0
1.038217008798E+3	0.000000000000E+0
1.038263929619E+3	4.000000000000E+0
1.038310850440E+3	2.000000000000E+0
1.038357771261E+3	3.000000000000E+0
1.038404692082E+3	1.000000000000E+0
1.038451612903E+3	7.000000000000E+0
1.038498533724E+3	1.000000000000E+0
1.038545454545E+3	0.000000000000E+0
1.038592375367E+3	0.000000000000E+0
1.038639296188E+3	3.000000000000E+0
1.038686217009E+3	0.000000000000E+0
1.038733137830E+3	8.000000000000E+0
1.038780058651E+3	0.000000000000E+0
1.038826979472E+3	0.000000000000E+0
1.038873900293E+3	5.000000000000E+0
1.038920821114E+3	7.000000000000E+0
1.038967741935E+3	0.000000000000E+0
1.039014662757E+3	4.000000000000E+0
1.039061583578E+3	4.000000000000E+0
1.039108504399E+3	0.000000000000E+0
1.039155425220E+3	3.000000000000E+0
1.039202346041E+3	1.000000000000E+0
1.039249266862E+3	0.000000000000E+0
1.039296187683E+3	0.000000000000E+0
1.039343108504E+3	2.000000000000E+0
1.039390029326E+3	6.000000000000E+0
1.039436950147E+3	0.000000000000E+0
1.039483870968E+3	0.000000000000E+0
1.039530791789E+3	0.000000000000E+0
1.039577712610E+3	4.000000000000E+0
1.039624633431E+3	3.000000000000E+0
1.039671554252E+3	0.000000000000E+0
1.039718475073E+3	0.000000000000E+0
1.039765395894E+3	0.000000000000E+0
1.039812316716E+3	8.000000000000E+0
1.039859237537E+3	2.000000000000E+0
1.039906158358E+3	1.000000000000E+0
1.039953079179E+3	4.000000000000E+0
1.040000000000E+3	7.000000000000E+0
1.040046920821E+3	1.000000000000E+0
1.040093841642E+3	5.000000000000E+0
1.040140762463E+3	7.000000000000E+0
1.040187683284E+3	0.000000000000E+0
1.040234604106E+3	4.000000000000E+0
1.040281524927E+3	8.000000000000E+0
1.040328445748E+3	0.000000000000E+0
1.040375366569E+3	7.000000000000E+0
1.040422287390E+3	0.000000000000E+0
1.040469208211E+3	8.000000000000E+0
1.040516129032E+3	4.000000000000E+0
1.040563049853E+3	7.000000000000E+0
1.040609970674E+3	0.000000000000E+0
1.040656891496E+3	6.000000000000E+0
1.040703812317E+3	0.000000000000E+0
1.040750733138E+3	4.000000000000E+0
1.040797653959E+3	5.000000000000E+0
1.040844574780E+3	1.000000000000E+0
1.040891495601E+3	7.000000000000E+0
1.040938416422E+3	0.000000000000E+0
1.040985337243E+3	8.000000000000E+0
1.041032258065E+3	6.000000000000E+0
1.041079178886E+3	8.000000000000E+0
1.041126099707E+3	3.000000000000E+0
1.041173020528E+3	0.000000000000E+0
1.041219941349E+3	7.000000000000E+0
1.041266862170E+3	4.000000000000E+0
1.041313782991E+3	0.000000000000E+0
1.041360703812E+3	1.000000000000E+0
1.041407624633E+3	3.000000000000E+0
1.041454545455E+3	1.100000000000E+1
1.041501466276E+3	3.000000000000E+0
1.041548387097E+3	4.000000000000E+0
1.041595307918E+3	4.000000000000E+0
1.041642228739E+3	0.000000000000E+0
1.041689149560E+3	1.000000000000E+0
1.041736070381E+3	3.000000000000E+0
1.041782991202E+3	3.000000000000E+0
1.041829912023E+3	0.000000000000E+0
1.041876832845E+3	1.000000000000E+0
1.041923753666E+3	6.000000000000E+0
1.041970674487E+3	0.000000000000E+0
1.042017595308E+3	0.000000000000E+0
1.042064516129E+3	0.000000000000E+0
1.042111436950E+3	6.000000000000E+0
1.042158357771E+3	4.000000000000E+0
1.042205278592E+3	4.000000000000E+0
1.042252199413E+3	2.000000000000E+0
1.042299120235E+3	6.000000000000E+0
1.042346041056E+3	9.000000000000E+0
1.042392961877E+3	4.000000000000E+0
1.042439882698E+3	3.000000000000E+0
1.042486803519E+3	0.000000000000E+0
1.042533724340E+3	2.000000000000E+0
1.042580645161E+3	0.000000000000E+0
1.042627565982E+3	0.000000000000E+0
1.042674486804E+3	0.000000000000E+0
1.042721407625E+3	0.000000000000E+0
1.042768328446E+3	9.000000000000E+0
1.042815249267E+3	2.000000000000E+0
1.042862170088E+3	2.000000000000E+0
1.042909090909E+3	0.000000000000E+0
1.042956011730E+3	4.000000000000E+0
1.043002932551E+3	1.000000000000E+0
1.043049853372E+3	2.000000000000E+0
1.043096774194E+3	3.000000000000E+0
1.043143695015E+3	2.000000000000E+0
1.043190615836E+3	1.200000000000E+1
1.043237536657E+3	0.000000000000E+0
1.043284457478E+3	2.000000000000E+0
1.043331378299E+3	5.000000000000E+0
1.043378299120E+3	0.000000000000E+0
1.043425219941E+3	0.000000000000E+0
1.043472140762E+3	1.000000000000E+0
1.043519061584E+3	5.000000000000E+0
1.043565982405E+3	5.000000000000E+0
1.043612903226E+3	3.000000000000E+0
1.043659824047E+3	1.000000000000E+0
1.043706744868E+3	8.000000000000E+0
1.043753665689E+3	5.000000000000E+0
1.043800586510E+3	4.000000000000E+0
1.043847507331E+3	0.000000000000E+0
1.043894428152E+3	1.000000000000E+0
1.043941348974E+3	2.000000000000E+0
1.043988269795E+3	4.000000000000E+0
1.044035190616E+3	0.000000000000E+0
1.044082111437E+3	2.000000000000E+0
1.044129032258E+3	4.000000000000E+0
1.044175953079E+3	0.000000000000E+0
1.044222873900E+3	4.000000000000E+0
1.044269794721E+3	1.000000000000E+0
1.044316715543E+3	4.000000000000E+0
1.044363636364E+3	7.000000000000E+0
1.044410557185E+3	0.000000000000E+0
1.044457478006E+3	1.200000000000E+1
1.044504398827E+3	1.000000000000E+1
1.044551319648E+3	6.000000000000E+0
1.044598240469E+3	0.000000000000E+0
1.044645161290E+3	4.000000000000E+0
1.044692082111E+3	8.000000000000E+0
1.044739002933E+3	0.000000000000E+0
1.044785923754E+3	1.000000000000E+0
1.044832844575E+3	0.000000000000E+0
1.044879765396E+3	0.000000000000E+0
1.044926686217E+3	2.000000000000E+0
1.044973607038E+3	4.000000000000E+0
1.045020527859E+3	0.000000000000E+0
1.045067448680E+3	0.000000000000E+0
1.045114369501E+3	2.000000000000E+0
1.045161290323E+3	3.000000000000E+0
1.045208211144E+3	0.000000000000E+0
1.045255131965E+3	2.000000000000E+0
1.045302052786E+3	3.000000000000E+0
1.045348973607E+3	6.000000000000E+0
1.045395894428E+3	1.300000000000E+1
1.045442815249E+3	0.000000000000E+0
1.045489736070E+3	3.000000000000E+0
1.045536656891E+3	5.000000000000E+0
1.045583577713E+3	4.000000000000E+0
1.045630498534E+3	3.000000000000E+0
1.045677419355E+3	0.000000000000E+0
1.045724340176E+3	4.000000000000E+0
1.045771260997E+3	0.000000000000E+0
1.045818181818E+3	0.000000000000E+0
1.045865102639E+3	0.000000000000E+0
1.045912023460E+3	1.000000000000E+0
1.045958944282E+3	5.000000000000E+0
1.046005865103E+3	2.000000000000E+0
1.046052785924E+3	0.000000000000E+0
1.046099706745E+3	4.000000000000E+0
1.046146627566E+3	8.000000000000E+0
1.046193548387E+3	0.000000000000E+0
1.046240469208E+3	2.000000000000E+0
1.046287390029E+3	2.000000000000E+0
1.046334310850E+3	6.000000000000E+0
1.046381231672E+3	5.000000000000E+0
1.046428152493E+3	6.000000000000E+0
1.046475073314E+3	0.000000000000E+0
1.046521994135E+3	8.000000000000E+0
1.046568914956E+3	2.000000000000E+0
1.046615835777E+3	0.000000000000E+0
1.046662756598E+3	1.000000000000E+0
1.046709677419E+3	0.000000000000E+0
1.046756598240E+3	8.000000000000E+0
1.046803519062E+3	0.000000000000E+0
1.046850439883E+3	5.000000000000E+0
1.046897360704E+3	5.000000000000E+0
1.046944281525E+3	9.000000000000E+0
1.046991202346E+3	1.000000000000E+0
1.047038123167E+3	7.000000000000E+0
1.047085043988E+3	4.000000000000E+0
1.047131964809E+3	0.000000000000E+0
1.047178885630E+3	1.000000000000E+1
1.047225806452E+3	0.000000000000E+0
1.047272727273E+3	0.000000000000E+0
1.047319648094E+3	0.000000000000E+0
1.047366568915E+3	1.000000000000E+0
1.047413489736E+3	2.000000000000E+0
1.047460410557E+3	6.000000000000E+0
1.047507331378E+3	0.000000000000E+0
1.047554252199E+3	4.000000000000E+0
1.047601173021E+3	4.000000000000E+0
1.047648093842E+3	5.000000000000E+0
1.047695014663E+3	2.000000000000E+0
1.047741935484E+3	0.000000000000E+0
1.047788856305E+3	0.000000000000E+0
1.047835777126E+3	0.000000000000E+0
1.047882697947E+3	4.000000000000E+0
1.047929618768E+3	0.000000000000E+0
1.047976539589E+3	0.000000000000E+0
1.048023460411E+3	1.000000000000E+0
1.048070381232E+3	0.000000000000E+0
1.048117302053E+3	0.000000000000E+0
1.048164222874E+3	4.000000000000E+0
1.048211143695E+3	5.000000000000E+0
1.048258064516E+3	0.000000000000E+0
1.048304985337E+3	8.000000000000E+0
1.048351906158E+3	5.000000000000E+0
1.048398826979E+3	0.000000000000E+0
1.048445747801E+3	1.000000000000E+0
1.048492668622E+3	0.000000000000E+0
1.048539589443E+3	4.000000000000E+0
1.048586510264E+3	7.000000000000E+0
1.048633431085E+3	3.000000000000E+0
1.048680351906E+3	0.000000000000E+0
1.048727272727E+3	2.000000000000E+0
1.048774193548E+3	6.000000000000E+0
1.048821114370E+3	5.000000000000E+0
1.048868035191E+3	6.000000000000E+0
1.048914956012E+3	0.000000000000E+0
1.048961876833E+3	4.000000000000E+0
1.049008797654E+3	4.000000000000E+0
1.049055718475E+3	6.000000000000E+0
1.049102639296E+3	8.000000000000E+0
1.049149560117E+3	6.000000000000E+0
1.049196480938E+3	0.000000000000E+0
1.049243401760E+3	1.000000000000E+0
1.049290322581E+3	0.000000000000E+0
1.049337243402E+3	0.000000000000E+0
1.049384164223E+3	5.000000000000E+0
1.049431085044E+3	0.000000000000E+0
1.049478005865E+3	0.000000000000E+0
1.049524926686E+3	2.000000000000E+0
1.049571847507E+3	3.000000000000E+0
1.049618768328E+3	3.000000000000E+0
1.049665689150E+3	0.000000000000E+0
1.049712609971E+3	7.000000000000E+0
1.049759530792E+3	0.000000000000E+0
1.049806451613E+3	5.000000000000E+0
1.049853372434E+3	2.000000000000E+0
1.049900293255E+3	4.000000000000E+0
1.049947214076E+3	0.000000000000E+0
1.049994134897E+3	2.000000000000E+0
1.050041055718E+3	6.000000000000E+0
1.050087976540E+3	4.000000000000E+0
1.050134897361E+3	0.000000000000E+0
1.050181818182E+3	0.000000000000E+0
1.050228739003E+3	1.000000000000E+0
1.050275659824E+3	3.000000000000E+0
1.050322580645E+3	4.000000000000E+0
1.050369501466E+3	0.000000000000E+0
1.050416422287E+3	0.000000000000E+0
1.050463343109E+3	0.000000000000E+0
1.050510263930E+3	5.000000000000E+0
1.050557184751E+3	3.000000000000E+0
1.050604105572E+3	6.000000000000E+0
1.050651026393E+3	8.000000000000E+0
1.050697947214E+3	0.000000000000E+0
1.050744868035E+3	1.000000000000E+0
1.050791788856E+3	3.000000000000E+0
1.050838709677E+3	0.000000000000E+0
1.050885630499E+3	2.000000000000E+0
1.050932551320E+3	6.000000000000E+0
1.050979472141E+3	0.000000000000E+0
1.051026392962E+3	0.000000000000E+0
1.051073313783E+3	4.000000000000E+0
1.051120234604E+3	0.000000000000E+0
1.051167155425E+3	4.000000000000E+0
1.051214076246E+3	0.000000000000E+0
1.051260997067E+3	3.000000000000E+0
1.051307917889E+3	6.000000000000E+0
1.051354838710E+3	0.000000000000E+0
1.051401759531E+3	2.000000000000E+0
1.051448680352E+3	0.000000000000E+0
1.051495601173E+3	5.000000000000E+0
1.051542521994E+3	6.000000000000E+0
1.051589442815E+3	0.000000000000E+0
1.051636363636E+3	3.000000000000E+0
1.051683284457E+3	1.000000000000E+0
1.051730205279E+3	0.000000000000E+0
1.051777126100E+3	1.000000000000E+0
1.051824046921E+3	8.000000000000E+0
1.051870967742E+3	0.000000000000E+0
1.051917888563E+3	0.000000000000E+0
1.051964809384E+3	4.000000000000E+0
1.052011730205E+3	9.000000000000E+0
1.052058651026E+3	8.000000000000E+0
1.052105571848E+3	1.000000000000E+0
1.052152492669E+3	1.000000000000E+0
1.052199413490E+3	8.000000000000E+0
1.052246334311E+3	0.000000000000E+0
1.052293255132E+3	6.000000000000E+0
1.052340175953E+3	0.000000000000E+0
1.052387096774E+3	4.000000000000E+0
1.052434017595E+3	1.000000000000E+0
1.052480938416E+3	3.000000000000E+0
1.052527859238E+3	6.000000000000E+0
1.052574780059E+3	0.000000000000E+0
1.052621700880E+3	6.000000000000E+0
1.052668621701E+3	0.000000000000E+0
1.052715542522E+3	9.000000000000E+0
1.052762463343E+3	7.000000000000E+0
1.052809384164E+3	3.000000000000E+0
1.052856304985E+3	9.000000000000E+0
1.052903225806E+3	0.000000000000E+0
1.052950146628E+3	5.000000000000E+0
1.052997067449E+3	1.000000000000E+0
1.053043988270E+3	7.000000000000E+0
1.053090909091E+3	1.000000000000E+1
1.053137829912E+3	0.000000000000E+0
1.053184750733E+3	1.000000000000E+0
1.053231671554E+3	0.000000000000E+0
1.053278592375E+3	7.000000000000E+0
1.053325513196E+3	0.000000000000E+0
1.053372434018E+3	1.000000000000E+0
1.053419354839E+3	4.000000000000E+0
1.053466275660E+3	4.000000000000E+0
1.053513196481E+3	0.000000000000E+0
1.053560117302E+3	0.000000000000E+0
1.053607038123E+3	4.000000000000E+0
1.053653958944E+3	4.000000000000E+0
1.053700879765E+3	0.000000000000E+0
1.053747800587E+3	0.000000000000E+0
1.053794721408E+3	0.000000000000E+0
1.053841642229E+3	4.000000000000E+0
1.053888563050E+3	0.000000000000E+0
1.053935483871E+3	0.000000000000E+0
1.053982404692E+3	8.000000000000E+0
1.054029325513E+3	0.000000000000E+0
1.054076246334E+3	0.000000000000E+0
1.054123167155E+3	0.000000000000E+0
1.054170087977E+3	0.000000000000E+0
1.054217008798E+3	0.000000000000E+0
1.054263929619E+3	0.000000000000E+0
1.054310850440E+3	4.000000000000E+0
1.054357771261E+3	5.000000000000E+0
1.054404692082E+3	9.000000000000E+0
1.054451612903E+3	0.000000000000E+0
1.054498533724E+3	4.000000000000E+0
1.054545454545E+3	8.000000000000E+0
1.054592375367E+3	0.000000000000E+0
1.054639296188E+3	9.000000000000E+0
1.054686217009E+3	0.000000000000E+0
1.054733137830E+3	8.000000000000E+0
1.054780058651E+3	2.000000000000E+0
1.054826979472E+3	6.000000000000E+0
1.054873900293E+3	1.300000000000E+1
1.054920821114E+3	2.000000000000E+0
1.054967741935E+3	3.000000000000E+0
1.055014662757E+3	1.000000000000E+0
1.055061583578E+3	3.000000000000E+0
1.055108504399E+3	6.000000000000E+0
1.055155425220E+3	7.000000000000E+0
1.055202346041E+3	6.000000000000E+0
1.055249266862E+3	4.000000000000E+0
1.055296187683E+3	8.000000000000E+0
1.055343108504E+3	8.000000000000E+0
1.055390029326E+3	1.000000000000E+0
1.055436950147E+3	9.000000000000E+0
1.055483870968E+3	0.000000000000E+0
1.055530791789E+3	4.000000000000E+0
1.055577712610E+3	0.000000000000E+0
1.055624633431E+3	1.100000000000E+1
1.055671554252E+3	3.000000000000E+0
1.055718475073E+3	0.000000000000E+0
1.055765395894E+3	0.000000000000E+0
1.055812316716E+3	7.000000000000E+0
1.055859237537E+3	5.000000000000E+0
1.055906158358E+3	0.000000000000E+0
1.055953079179E+3	4.000000000000E+0
1.056000000000E+3	2.000000000000E+0
