Wavelength	Intensity
1.008000000000E+3	5.116666666667E+1
1.008046920821E+3	5.143333333333E+1
1.008093841642E+3	5.220000000000E+1
1.008140762463E+3	5.660000000000E+1
1.008187683284E+3	5.613333333333E+1
1.008234604106E+3	5.593333333333E+1
1.008281524927E+3	5.720000000000E+1
1.008328445748E+3	5.986666666667E+1
1.008375366569E+3	5.940000000000E+1
1.008422287390E+3	6.196666666667E+1
1.008469208211E+3	6.283333333333E+1
1.008516129032E+3	6.906666666667E+1
1.008563049853E+3	6.930000000000E+1
1.008609970674E+3	7.270000000000E+1
1.008656891496E+3	7.466666666667E+1
1.008703812317E+3	7.756666666667E+1
1.008750733138E+3	8.163333333333E+1
1.008797653959E+3	8.560000000000E+1
1.008844574780E+3	8.783333333333E+1
1.008891495601E+3	9.513333333333E+1
1.008938416422E+3	9.750000000000E+1
1.008985337243E+3	1.010666666667E+2
1.009032258065E+3	1.058333333333E+2
1.009079178886E+3	1.098666666667E+2
1.009126099707E+3	1.147333333333E+2
1.009173020528E+3	1.218666666667E+2
1.009219941349E+3	1.277000000000E+2
1.009266862170E+3	1.415000000000E+2
1.009313782991E+3	1.489666666667E+2
1.009360703812E+3	1.605000000000E+2
1.009407624633E+3	1.670333333333E+2
1.009454545455E+3	1.767666666667E+2
1.009501466276E+3	1.902000000000E+2
1.009548387097E+3	1.992333333333E+2
1.009595307918E+3	2.128333333333E+2
1.009642228739E+3	2.429333333333E+2
1.009689149560E+3	2.610666666667E+2
1.009736070381E+3	2.800666666667E+2
1.009782991202E+3	2.988000000000E+2
1.009829912023E+3	3.221333333333E+2
1.009876832845E+3	3.463333333333E+2
1.009923753666E+3	3.744000000000E+2
1.009970674487E+3	4.076333333333E+2
1.010017595308E+3	4.740333333333E+2
1.010064516129E+3	5.152666666667E+2
1.010111436950E+3	5.568000000000E+2
1.010158357771E+3	6.054666666667E+2
1.010205278592E+3	6.550666666667E+2
1.010252199413E+3	7.108000000000E+2
1.010299120235E+3	7.722333333333E+2
1.010346041056E+3	8.395666666667E+2
1.010392961877E+3	9.911000000000E+2
1.010439882698E+3	1.071733333333E+3
1.010486803519E+3	1.165266666667E+3
1.010533724340E+3	1.257966666667E+3
1.010580645161E+3	1.365633333333E+3
1.010627565982E+3	1.475500000000E+3
1.010674486804E+3	1.598500000000E+3
1.010721407625E+3	1.717866666667E+3
1.010768328446E+3	1.992000000000E+3
1.010815249267E+3	2.140833333333E+3
1.010862170088E+3	2.293966666667E+3
1.010909090909E+3	2.433600000000E+3
1.010956011730E+3	2.588566666667E+3
1.011002932551E+3	2.731466666667E+3
1.011049853372E+3	2.876800000000E+3
1.011096774194E+3	3.025733333333E+3
1.011143695015E+3	3.334500000000E+3
1.011190615836E+3	3.496333333333E+3
1.011237536657E+3	3.673066666667E+3
1.011284457478E+3	3.844966666667E+3
1.011331378299E+3	4.018433333333E+3
1.011378299120E+3	4.190233333333E+3
1.011425219941E+3	4.362233333333E+3
1.011472140762E+3	4.523033333333E+3
1.011519061584E+3	4.824300000000E+3
1.011565982405E+3	4.961333333333E+3
1.011612903226E+3	5.090033333333E+3
1.011659824047E+3	5.211400000000E+3
1.011706744868E+3	5.328300000000E+3
1.011753665689E+3	5.447533333333E+3
1.011800586510E+3	5.567200000000E+3
1.011847507331E+3	5.818933333333E+3
1.011894428152E+3	5.953933333333E+3
1.011941348974E+3	6.083233333333E+3
1.011988269795E+3	6.210133333333E+3
1.012035190616E+3	6.325833333333E+3
1.012082111437E+3	6.427666666667E+3
1.012129032258E+3	6.514666666667E+3
1.012175953079E+3	6.593133333333E+3
1.012222873900E+3	6.748300000000E+3
1.012269794721E+3	6.835300000000E+3
1.012316715543E+3	6.931033333333E+3
1.012363636364E+3	7.028966666667E+3
1.012410557185E+3	7.130433333333E+3
1.012457478006E+3	7.228100000000E+3
1.012504398827E+3	7.321200000000E+3
1.012551319648E+3	7.403733333333E+3
1.012598240469E+3	7.544433333333E+3
1.012645161290E+3	7.606200000000E+3
1.012692082111E+3	7.663600000000E+3
1.012739002933E+3	7.722433333333E+3
1.012785923754E+3	7.773566666667E+3
1.012832844575E+3	7.821666666667E+3
1.012879765396E+3	7.865666666667E+3
1.012926686217E+3	7.906633333333E+3
1.012973607038E+3	7.991000000000E+3
1.013020527859E+3	8.037566666667E+3
1.013067448680E+3	8.088233333333E+3
1.013114369501E+3	8.137333333333E+3
1.013161290323E+3	8.189966666667E+3
1.013208211144E+3	8.241500000000E+3
1.013255131965E+3	8.290733333333E+3
1.013302052786E+3	8.333366666667E+3
1.013348973607E+3	8.421000000000E+3
1.013395894428E+3	8.460166666667E+3
1.013442815249E+3	8.494166666667E+3
1.013489736070E+3	8.529700000000E+3
1.013536656891E+3	8.550600000000E+3
1.013583577713E+3	8.562966666667E+3
1.013630498534E+3	8.561100000000E+3
1.013677419355E+3	8.552233333333E+3
1.013724340176E+3	8.539000000000E+3
1.013771260997E+3	8.533300000000E+3
1.013818181818E+3	8.550000000000E+3
1.013865102639E+3	8.577900000000E+3
1.013912023460E+3	8.615566666667E+3
1.013958944282E+3	8.652233333333E+3
1.014005865103E+3	8.684300000000E+3
1.014052785924E+3	8.713966666667E+3
1.014099706745E+3	8.702200000000E+3
1.014146627566E+3	8.692100000000E+3
1.014193548387E+3	8.673900000000E+3
1.014240469208E+3	8.656533333333E+3
1.014287390029E+3	8.641766666667E+3
1.014334310850E+3	8.632333333333E+3
1.014381231672E+3	8.626733333333E+3
1.014428152493E+3	8.623566666667E+3
1.014475073314E+3	8.616700000000E+3
1.014521994135E+3	8.614766666667E+3
1.014568914956E+3	8.612566666667E+3
1.014615835777E+3	8.607800000000E+3
1.014662756598E+3	8.599866666667E+3
1.014709677419E+3	8.580600000000E+3
1.014756598240E+3	8.558900000000E+3
1.014803519062E+3	8.524400000000E+3
1.014850439883E+3	8.448566666667E+3
1.014897360704E+3	8.421333333333E+3
1.014944281525E+3	8.396733333333E+3
1.014991202346E+3	8.383400000000E+3
1.015038123167E+3	8.370166666667E+3
1.015085043988E+3	8.359500000000E+3
1.015131964809E+3	8.350266666667E+3
1.015178885630E+3	8.331333333333E+3
1.015225806452E+3	8.276333333333E+3
1.015272727273E+3	8.244300000000E+3
1.015319648094E+3	8.209533333333E+3
1.015366568915E+3	8.180866666667E+3
1.015413489736E+3	8.151133333333E+3
1.015460410557E+3	8.125766666667E+3
1.015507331378E+3	8.102400000000E+3
1.015554252199E+3	8.043533333333E+3
1.015601173021E+3	8.000666666667E+3
1.015648093842E+3	7.961466666667E+3
1.015695014663E+3	7.920400000000E+3
1.015741935484E+3	7.877033333333E+3
1.015788856305E+3	7.840400000000E+3
1.015835777126E+3	7.805233333333E+3
1.015882697947E+3	7.774766666667E+3
1.015929618768E+3	7.719166666667E+3
1.015976539589E+3	7.688966666667E+3
1.016023460411E+3	7.656200000000E+3
1.016070381232E+3	7.625500000000E+3
1.016117302053E+3	7.592400000000E+3
1.016164222874E+3	7.556533333333E+3
1.016211143695E+3	7.520766666667E+3
1.016258064516E+3	7.485533333333E+3
1.016304985337E+3	7.405700000000E+3
1.016351906158E+3	7.365866666667E+3
1.016398826979E+3	7.324766666667E+3
1.016445747801E+3	7.288700000000E+3
1.016492668622E+3	7.258933333333E+3
1.016539589443E+3	7.228600000000E+3
1.016586510264E+3	7.201600000000E+3
1.016633431085E+3	7.142133333333E+3
1.016680351906E+3	7.102933333333E+3
1.016727272727E+3	7.056700000000E+3
1.016774193548E+3	7.001800000000E+3
1.016821114370E+3	6.945433333333E+3
1.016868035191E+3	6.892600000000E+3
1.016914956012E+3	6.847766666667E+3
1.016961876833E+3	6.810166666667E+3
1.017008797654E+3	6.759566666667E+3
1.017055718475E+3	6.745166666667E+3
1.017102639296E+3	6.730800000000E+3
1.017149560117E+3	6.711566666667E+3
1.017196480938E+3	6.689466666667E+3
1.017243401760E+3	6.663466666667E+3
1.017290322581E+3	6.629433333333E+3
1.017337243402E+3	6.594000000000E+3
1.017384164223E+3	6.511533333333E+3
1.017431085044E+3	6.465400000000E+3
1.017478005865E+3	6.416333333333E+3
1.017524926686E+3	6.369933333333E+3
1.017571847507E+3	6.326766666667E+3
1.017618768328E+3	6.285500000000E+3
1.017665689150E+3	6.251633333333E+3
1.017712609971E+3	6.200600000000E+3
1.017759530792E+3	6.182333333333E+3
1.017806451613E+3	6.160000000000E+3
1.017853372434E+3	6.135533333333E+3
1.017900293255E+3	6.113933333333E+3
1.017947214076E+3	6.089300000000E+3
1.017994134897E+3	6.066833333333E+3
1.018041055718E+3	6.039766666667E+3
1.018087976540E+3	5.992600000000E+3
1.018134897361E+3	5.968733333333E+3
1.018181818182E+3	5.941000000000E+3
1.018228739003E+3	5.911333333333E+3
1.018275659824E+3	5.872366666667E+3
1.018322580645E+3	5.831866666667E+3
1.018369501466E+3	5.792400000000E+3
1.018416422287E+3	5.715833333333E+3
1.018463343109E+3	5.690000000000E+3
1.018510263930E+3	5.663800000000E+3
1.018557184751E+3	5.648566666667E+3
1.018604105572E+3	5.631800000000E+3
1.018651026393E+3	5.618000000000E+3
1.018697947214E+3	5.601433333333E+3
1.018744868035E+3	5.584333333333E+3
1.018791788856E+3	5.539700000000E+3
1.018838709677E+3	5.517466666667E+3
1.018885630499E+3	5.492166666667E+3
1.018932551320E+3	5.467733333333E+3
1.018979472141E+3	5.445466666667E+3
1.019026392962E+3	5.418300000000E+3
1.019073313783E+3	5.393533333333E+3
1.019120234604E+3	5.366000000000E+3
1.019167155425E+3	5.316833333333E+3
1.019214076246E+3	5.294266666667E+3
1.019260997067E+3	5.274066666667E+3
1.019307917889E+3	5.257433333333E+3
1.019354838710E+3	5.238266666667E+3
1.019401759531E+3	5.215933333333E+3
1.019448680352E+3	5.193433333333E+3
1.019495601173E+3	5.142033333333E+3
1.019542521994E+3	5.122733333333E+3
1.019589442815E+3	5.105400000000E+3
1.019636363636E+3	5.092000000000E+3
1.019683284457E+3	5.079200000000E+3
1.019730205279E+3	5.067633333333E+3
1.019777126100E+3	5.054800000000E+3
1.019824046921E+3	5.037433333333E+3
1.019870967742E+3	4.988333333333E+3
1.019917888563E+3	4.961833333333E+3
1.019964809384E+3	4.935866666667E+3
1.020011730205E+3	4.911433333333E+3
1.020058651026E+3	4.890733333333E+3
1.020105571848E+3	4.876300000000E+3
1.020152492669E+3	4.864900000000E+3
1.020199413490E+3	4.843366666667E+3
1.020246334311E+3	4.830200000000E+3
1.020293255132E+3	4.817733333333E+3
1.020340175953E+3	4.804533333333E+3
1.020387096774E+3	4.792166666667E+3
1.020434017595E+3	4.775766666667E+3
1.020480938416E+3	4.761033333333E+3
1.020527859238E+3	4.740666666667E+3
1.020574780059E+3	4.698566666667E+3
1.020621700880E+3	4.676300000000E+3
1.020668621701E+3	4.652966666667E+3
1.020715542522E+3	4.631566666667E+3
1.020762463343E+3	4.614000000000E+3
1.020809384164E+3	4.603600000000E+3
1.020856304985E+3	4.599533333333E+3
1.020903225806E+3	4.594100000000E+3
1.020950146628E+3	4.591066666667E+3
1.020997067449E+3	4.586866666667E+3
1.021043988270E+3	4.581866666667E+3
1.021090909091E+3	4.568000000000E+3
1.021137829912E+3	4.555100000000E+3
1.021184750733E+3	4.540266666667E+3
1.021231671554E+3	4.524233333333E+3
1.021278592375E+3	4.488966666667E+3
1.021325513196E+3	4.467933333333E+3
1.021372434018E+3	4.444533333333E+3
1.021419354839E+3	4.422600000000E+3
1.021466275660E+3	4.399700000000E+3
1.021513196481E+3	4.380200000000E+3
1.021560117302E+3	4.368400000000E+3
1.021607038123E+3	4.362333333333E+3
1.021653958944E+3	4.369300000000E+3
1.021700879765E+3	4.375133333333E+3
1.021747800587E+3	4.383766666667E+3
1.021794721408E+3	4.389466666667E+3
1.021841642229E+3	4.386066666667E+3
1.021888563050E+3	4.376933333333E+3
1.021935483871E+3	4.362366666667E+3
1.021982404692E+3	4.324100000000E+3
1.022029325513E+3	4.303500000000E+3
1.022076246334E+3	4.282433333333E+3
1.022123167155E+3	4.262633333333E+3
1.022170087977E+3	4.243466666667E+3
1.022217008798E+3	4.228933333333E+3
1.022263929619E+3	4.217333333333E+3
1.022310850440E+3	4.205500000000E+3
1.022357771261E+3	4.205266666667E+3
1.022404692082E+3	4.209366666667E+3
1.022451612903E+3	4.213766666667E+3
1.022498533724E+3	4.213100000000E+3
1.022545454545E+3	4.213666666667E+3
1.022592375367E+3	4.209300000000E+3
1.022639296188E+3	4.201266666667E+3
1.022686217009E+3	4.173933333333E+3
1.022733137830E+3	4.160266666667E+3
1.022780058651E+3	4.149166666667E+3
1.022826979472E+3	4.140233333333E+3
1.022873900293E+3	4.131200000000E+3
1.022920821114E+3	4.125233333333E+3
1.022967741935E+3	4.117266666667E+3
1.023014662757E+3	4.102333333333E+3
1.023061583578E+3	4.093766666667E+3
1.023108504399E+3	4.087566666667E+3
1.023155425220E+3	4.081233333333E+3
1.023202346041E+3	4.076166666667E+3
1.023249266862E+3	4.072500000000E+3
1.023296187683E+3	4.067366666667E+3
1.023343108504E+3	4.062733333333E+3
1.023390029326E+3	4.048166666667E+3
1.023436950147E+3	4.040133333333E+3
1.023483870968E+3	4.030966666667E+3
1.023530791789E+3	4.025633333333E+3
1.023577712610E+3	4.021033333333E+3
1.023624633431E+3	4.019366666667E+3
1.023671554252E+3	4.022400000000E+3
1.023718475073E+3	4.018066666667E+3
1.023765395894E+3	4.013833333333E+3
1.023812316716E+3	4.004600000000E+3
1.023859237537E+3	3.996166666667E+3
1.023906158358E+3	3.982933333333E+3
1.023953079179E+3	3.971200000000E+3
1.024000000000E+3	3.961066666667E+3
1.024046920821E+3	3.942100000000E+3
1.024093841642E+3	3.937666666667E+3
1.024140762463E+3	3.936833333333E+3
1.024187683284E+3	3.942333333333E+3
1.024234604106E+3	3.949600000000E+3
1.024281524927E+3	3.959300000000E+3
1.024328445748E+3	3.964300000000E+3
1.024375366569E+3	3.967633333333E+3
1.024422287390E+3	3.953466666667E+3
1.024469208211E+3	3.942233333333E+3
1.024516129032E+3	3.919966666667E+3
1.024563049853E+3	3.892966666667E+3
1.024609970674E+3	3.866866666667E+3
1.024656891496E+3	3.844400000000E+3
1.024703812317E+3	3.845066666667E+3
1.024750733138E+3	3.860000000000E+3
1.024797653959E+3	3.885133333333E+3
1.024844574780E+3	3.915600000000E+3
1.024891495601E+3	3.946800000000E+3
1.024938416422E+3	3.974266666667E+3
1.024985337243E+3	3.990166666667E+3
1.025032258065E+3	3.992533333333E+3
1.025079178886E+3	3.948833333333E+3
1.025126099707E+3	3.908500000000E+3
1.025173020528E+3	3.861800000000E+3
1.025219941349E+3	3.824400000000E+3
1.025266862170E+3	3.795400000000E+3
1.025313782991E+3	3.775500000000E+3
1.025360703812E+3	3.769433333333E+3
1.025407624633E+3	3.809200000000E+3
1.025454545455E+3	3.851200000000E+3
1.025501466276E+3	3.905233333333E+3
1.025548387097E+3	3.953966666667E+3
1.025595307918E+3	3.993166666667E+3
1.025642228739E+3	4.019100000000E+3
1.025689149560E+3	4.026966666667E+3
1.025736070381E+3	4.021600000000E+3
1.025782991202E+3	3.949266666667E+3
1.025829912023E+3	3.889966666667E+3
1.025876832845E+3	3.826766666667E+3
1.025923753666E+3	3.775266666667E+3
1.025970674487E+3	3.741366666667E+3
1.026017595308E+3	3.720333333333E+3
1.026064516129E+3	3.753666666667E+3
1.026111436950E+3	3.807700000000E+3
1.026158357771E+3	3.877366666667E+3
1.026205278592E+3	3.946766666667E+3
1.026252199413E+3	4.007666666667E+3
1.026299120235E+3	4.049033333333E+3
1.026346041056E+3	4.061966666667E+3
1.026392961877E+3	4.045000000000E+3
1.026439882698E+3	3.990300000000E+3
1.026486803519E+3	3.841366666667E+3
1.026533724340E+3	3.767600000000E+3
1.026580645161E+3	3.719400000000E+3
1.026627565982E+3	3.693000000000E+3
1.026674486804E+3	3.699700000000E+3
1.026721407625E+3	3.728500000000E+3
1.026768328446E+3	3.845900000000E+3
1.026815249267E+3	3.916800000000E+3
1.026862170088E+3	3.974066666667E+3
1.026909090909E+3	4.007400000000E+3
1.026956011730E+3	3.997233333333E+3
1.027002932551E+3	3.958966666667E+3
1.027049853372E+3	3.900566666667E+3
1.027096774194E+3	3.835733333333E+3
1.027143695015E+3	3.717900000000E+3
1.027190615836E+3	3.676633333333E+3
1.027237536657E+3	3.656533333333E+3
1.027284457478E+3	3.660900000000E+3
1.027331378299E+3	3.689533333333E+3
1.027378299120E+3	3.733633333333E+3
1.027425219941E+3	3.785733333333E+3
1.027472140762E+3	3.870000000000E+3
1.027519061584E+3	3.894366666667E+3
1.027565982405E+3	3.897400000000E+3
1.027612903226E+3	3.884366666667E+3
1.027659824047E+3	3.856833333333E+3
1.027706744868E+3	3.820066666667E+3
1.027753665689E+3	3.781266666667E+3
1.027800586510E+3	3.747300000000E+3
1.027847507331E+3	3.691533333333E+3
1.027894428152E+3	3.681366666667E+3
1.027941348974E+3	3.679133333333E+3
1.027988269795E+3	3.689366666667E+3
1.028035190616E+3	3.705233333333E+3
1.028082111437E+3	3.722033333333E+3
1.028129032258E+3	3.757066666667E+3
1.028175953079E+3	3.772766666667E+3
1.028222873900E+3	3.786233333333E+3
1.028269794721E+3	3.793766666667E+3
1.028316715543E+3	3.797000000000E+3
1.028363636364E+3	3.789033333333E+3
1.028410557185E+3	3.773966666667E+3
1.028457478006E+3	3.751800000000E+3
1.028504398827E+3	3.703100000000E+3
1.028551319648E+3	3.679533333333E+3
1.028598240469E+3	3.659666666667E+3
1.028645161290E+3	3.650800000000E+3
1.028692082111E+3	3.650466666667E+3
1.028739002933E+3	3.662833333333E+3
1.028785923754E+3	3.680966666667E+3
1.028832844575E+3	3.727366666667E+3
1.028879765396E+3	3.746966666667E+3
1.028926686217E+3	3.760700000000E+3
1.028973607038E+3	3.766566666667E+3
1.029020527859E+3	3.757900000000E+3
1.029067448680E+3	3.742033333333E+3
1.029114369501E+3	3.716433333333E+3
1.029161290323E+3	3.685200000000E+3
1.029208211144E+3	3.630700000000E+3
1.029255131965E+3	3.612333333333E+3
1.029302052786E+3	3.604066666667E+3
1.029348973607E+3	3.605866666667E+3
1.029395894428E+3	3.620566666667E+3
1.029442815249E+3	3.643566666667E+3
1.029489736070E+3	3.709666666667E+3
1.029536656891E+3	3.737433333333E+3
1.029583577713E+3	3.754966666667E+3
1.029630498534E+3	3.759433333333E+3
1.029677419355E+3	3.744166666667E+3
1.029724340176E+3	3.721200000000E+3
1.029771260997E+3	3.689933333333E+3
1.029818181818E+3	3.657266666667E+3
1.029865102639E+3	3.595733333333E+3
1.029912023460E+3	3.578100000000E+3
1.029958944282E+3	3.570866666667E+3
1.030005865103E+3	3.570533333333E+3
1.030052785924E+3	3.579966666667E+3
1.030099706745E+3	3.596833333333E+3
1.030146627566E+3	3.640966666667E+3
1.030193548387E+3	3.659266666667E+3
1.030240469208E+3	3.675600000000E+3
1.030287390029E+3	3.688033333333E+3
1.030334310850E+3	3.693166666667E+3
1.030381231672E+3	3.694400000000E+3
1.030428152493E+3	3.685533333333E+3
1.030475073314E+3	3.669766666667E+3
1.030521994135E+3	3.621900000000E+3
1.030568914956E+3	3.596133333333E+3
1.030615835777E+3	3.576533333333E+3
1.030662756598E+3	3.561333333333E+3
1.030709677419E+3	3.553700000000E+3
1.030756598240E+3	3.552066666667E+3
1.030803519062E+3	3.558900000000E+3
1.030850439883E+3	3.584166666667E+3
1.030897360704E+3	3.607566666667E+3
1.030944281525E+3	3.635533333333E+3
1.030991202346E+3	3.658833333333E+3
1.031038123167E+3	3.679566666667E+3
1.031085043988E+3	3.688400000000E+3
1.031131964809E+3	3.689300000000E+3
1.031178885630E+3	3.674466666667E+3
1.031225806452E+3	3.618166666667E+3
1.031272727273E+3	3.582800000000E+3
1.031319648094E+3	3.544100000000E+3
1.031366568915E+3	3.512433333333E+3
1.031413489736E+3	3.490500000000E+3
1.031460410557E+3	3.487766666667E+3
1.031507331378E+3	3.538333333333E+3
1.031554252199E+3	3.585666666667E+3
1.031601173021E+3	3.637066666667E+3
1.031648093842E+3	3.681566666667E+3
1.031695014663E+3	3.716866666667E+3
1.031741935484E+3	3.732833333333E+3
1.031788856305E+3	3.735033333333E+3
1.031835777126E+3	3.719866666667E+3
1.031882697947E+3	3.639400000000E+3
1.031929618768E+3	3.589033333333E+3
1.031976539589E+3	3.538100000000E+3
1.032023460411E+3	3.496433333333E+3
1.032070381232E+3	3.474666666667E+3
1.032117302053E+3	3.472133333333E+3
1.032164222874E+3	3.518066666667E+3
1.032211143695E+3	3.559933333333E+3
1.032258064516E+3	3.613066666667E+3
1.032304985337E+3	3.663266666667E+3
1.032351906158E+3	3.708200000000E+3
1.032398826979E+3	3.740666666667E+3
1.032445747801E+3	3.752100000000E+3
1.032492668622E+3	3.734466666667E+3
1.032539589443E+3	3.646733333333E+3
1.032586510264E+3	3.590300000000E+3
1.032633431085E+3	3.542566666667E+3
1.032680351906E+3	3.505300000000E+3
1.032727272727E+3	3.481233333333E+3
1.032774193548E+3	3.471500000000E+3
1.032821114370E+3	3.491266666667E+3
1.032868035191E+3	3.523866666667E+3
1.032914956012E+3	3.562433333333E+3
1.032961876833E+3	3.603400000000E+3
1.033008797654E+3	3.637766666667E+3
1.033055718475E+3	3.658500000000E+3
1.033102639296E+3	3.670133333333E+3
1.033149560117E+3	3.666900000000E+3
1.033196480938E+3	3.637100000000E+3
1.033243401760E+3	3.611566666667E+3
1.033290322581E+3	3.585166666667E+3
1.033337243402E+3	3.558666666667E+3
1.033384164223E+3	3.539466666667E+3
1.033431085044E+3	3.527633333333E+3
1.033478005865E+3	3.531666666667E+3
1.033524926686E+3	3.545466666667E+3
1.033571847507E+3	3.563300000000E+3
1.033618768328E+3	3.579733333333E+3
1.033665689150E+3	3.593200000000E+3
1.033712609971E+3	3.603466666667E+3
1.033759530792E+3	3.611800000000E+3
1.033806451613E+3	3.621600000000E+3
1.033853372434E+3	3.620400000000E+3
1.033900293255E+3	3.615266666667E+3
1.033947214076E+3	3.609166666667E+3
1.033994134897E+3	3.602033333333E+3
1.034041055718E+3	3.595066666667E+3
1.034087976540E+3	3.591266666667E+3
1.034134897361E+3	3.587400000000E+3
1.034181818182E+3	3.581366666667E+3
1.034228739003E+3	3.583800000000E+3
1.034275659824E+3	3.587366666667E+3
1.034322580645E+3	3.595766666667E+3
1.034369501466E+3	3.605433333333E+3
1.034416422287E+3	3.616066666667E+3
1.034463343109E+3	3.628600000000E+3
1.034510263930E+3	3.627600000000E+3
1.034557184751E+3	3.628766666667E+3
1.034604105572E+3	3.627300000000E+3
1.034651026393E+3	3.626166666667E+3
1.034697947214E+3	3.622800000000E+3
1.034744868035E+3	3.620666666667E+3
1.034791788856E+3	3.615800000000E+3
1.034838709677E+3	3.615400000000E+3
1.034885630499E+3	3.610133333333E+3
1.034932551320E+3	3.609400000000E+3
1.034979472141E+3	3.612666666667E+3
1.035026392962E+3	3.614900000000E+3
1.035073313783E+3	3.620366666667E+3
1.035120234604E+3	3.631133333333E+3
1.035167155425E+3	3.655333333333E+3
1.035214076246E+3	3.663233333333E+3
1.035260997067E+3	3.667300000000E+3
1.035307917889E+3	3.668766666667E+3
1.035354838710E+3	3.667833333333E+3
1.035401759531E+3	3.665366666667E+3
1.035448680352E+3	3.663033333333E+3
1.035495601173E+3	3.652733333333E+3
1.035542521994E+3	3.646000000000E+3
1.035589442815E+3	3.642300000000E+3
1.035636363636E+3	3.638400000000E+3
1.035683284457E+3	3.635566666667E+3
1.035730205279E+3	3.635866666667E+3
1.035777126100E+3	3.640766666667E+3
1.035824046921E+3	3.645100000000E+3
1.035870967742E+3	3.653833333333E+3
1.035917888563E+3	3.662500000000E+3
1.035964809384E+3	3.671933333333E+3
1.036011730205E+3	3.678000000000E+3
1.036058651026E+3	3.684100000000E+3
1.036105571848E+3	3.686633333333E+3
1.036152492669E+3	3.680700000000E+3
1.036199413490E+3	3.674133333333E+3
1.036246334311E+3	3.668600000000E+3
1.036293255132E+3	3.662766666667E+3
1.036340175953E+3	3.660800000000E+3
1.036387096774E+3	3.658200000000E+3
1.036434017595E+3	3.659000000000E+3
1.036480938416E+3	3.653866666667E+3
1.036527859238E+3	3.654300000000E+3
1.036574780059E+3	3.657400000000E+3
1.036621700880E+3	3.659833333333E+3
1.036668621701E+3	3.664233333333E+3
1.036715542522E+3	3.667933333333E+3
1.036762463343E+3	3.673133333333E+3
1.036809384164E+3	3.671033333333E+3
1.036856304985E+3	3.670333333333E+3
1.036903225806E+3	3.664633333333E+3
1.036950146628E+3	3.658900000000E+3
1.036997067449E+3	3.653133333333E+3
1.037043988270E+3	3.651566666667E+3
1.037090909091E+3	3.652333333333E+3
1.037137829912E+3	3.652066666667E+3
1.037184750733E+3	3.654500000000E+3
1.037231671554E+3	3.656633333333E+3
1.037278592375E+3	3.657933333333E+3
1.037325513196E+3	3.656533333333E+3
1.037372434018E+3	3.652166666667E+3
1.037419354839E+3	3.652866666667E+3
1.037466275660E+3	3.643433333333E+3
1.037513196481E+3	3.640433333333E+3
1.037560117302E+3	3.636200000000E+3
1.037607038123E+3	3.629866666667E+3
1.037653958944E+3	3.624966666667E+3
1.037700879765E+3	3.619600000000E+3
1.037747800587E+3	3.615466666667E+3
1.037794721408E+3	3.609166666667E+3
1.037841642229E+3	3.608533333333E+3
1.037888563050E+3	3.609666666667E+3
1.037935483871E+3	3.612266666667E+3
1.037982404692E+3	3.617333333333E+3
1.038029325513E+3	3.619266666667E+3
1.038076246334E+3	3.622500000000E+3
1.038123167155E+3	3.616733333333E+3
1.038170087977E+3	3.610866666667E+3
1.038217008798E+3	3.603466666667E+3
1.038263929619E+3	3.597300000000E+3
1.038310850440E+3	3.591566666667E+3
1.038357771261E+3	3.588600000000E+3
1.038404692082E+3	3.585966666667E+3
1.038451612903E+3	3.575200000000E+3
1.038498533724E+3	3.570466666667E+3
1.038545454545E+3	3.563866666667E+3
1.038592375367E+3	3.558100000000E+3
1.038639296188E+3	3.553700000000E+3
1.038686217009E+3	3.550266666667E+3
1.038733137830E+3	3.552500000000E+3
1.038780058651E+3	3.549400000000E+3
1.038826979472E+3	3.549500000000E+3
1.038873900293E+3	3.550700000000E+3
1.038920821114E+3	3.550366666667E+3
1.038967741935E+3	3.548066666667E+3
1.039014662757E+3	3.544033333333E+3
1.039061583578E+3	3.542200000000E+3
1.039108504399E+3	3.535133333333E+3
1.039155425220E+3	3.532333333333E+3
1.039202346041E+3	3.528900000000E+3
1.039249266862E+3	3.525166666667E+3
1.039296187683E+3	3.519366666667E+3
1.039343108504E+3	3.510700000000E+3
1.039390029326E+3	3.506133333333E+3
1.039436950147E+3	3.495200000000E+3
1.039483870968E+3	3.492200000000E+3
1.039530791789E+3	3.492466666667E+3
1.039577712610E+3	3.495466666667E+3
1.039624633431E+3	3.496266666667E+3
1.039671554252E+3	3.500700000000E+3
1.039718475073E+3	3.496800000000E+3
1.039765395894E+3	3.494033333333E+3
1.039812316716E+3	3.491100000000E+3
1.039859237537E+3	3.488566666667E+3
1.039906158358E+3	3.482000000000E+3
1.039953079179E+3	3.479466666667E+3
1.040000000000E+3	3.482266666667E+3
1.040046920821E+3	3.481966666667E+3
1.040093841642E+3	3.482166666667E+3
1.040140762463E+3	3.483700000000E+3
1.040187683284E+3	3.484433333333E+3
1.040234604106E+3	3.484500000000E+3
1.040281524927E+3	3.483900000000E+3
1.040328445748E+3	3.485166666667E+3
1.040375366569E+3	3.478866666667E+3
1.040422287390E+3	3.478166666667E+3
1.040469208211E+3	3.476366666667E+3
1.040516129032E+3	3.468800000000E+3
1.040563049853E+3	3.466300000000E+3
1.040609970674E+3	3.464100000000E+3
1.040656891496E+3	3.466833333333E+3
1.040703812317E+3	3.464533333333E+3
1.040750733138E+3	3.471066666667E+3
1.040797653959E+3	3.476433333333E+3
1.040844574780E+3	3.483066666667E+3
1.040891495601E+3	3.490666666667E+3
1.040938416422E+3	3.494200000000E+3
1.040985337243E+3	3.498200000000E+3
1.041032258065E+3	3.496233333333E+3
1.041079178886E+3	3.493000000000E+3
1.041126099707E+3	3.493200000000E+3
1.041173020528E+3	3.493233333333E+3
1.041219941349E+3	3.495333333333E+3
1.041266862170E+3	3.500066666667E+3
1.041313782991E+3	3.497933333333E+3
1.041360703812E+3	3.495166666667E+3
1.041407624633E+3	3.498366666667E+3
1.041454545455E+3	3.500866666667E+3
1.041501466276E+3	3.502766666667E+3
1.041548387097E+3	3.504666666667E+3
1.041595307918E+3	3.513833333333E+3
1.041642228739E+3	3.516433333333E+3
1.041689149560E+3	3.520100000000E+3
1.041736070381E+3	3.525133333333E+3
1.041782991202E+3	3.530466666667E+3
1.041829912023E+3	3.533933333333E+3
1.041876832845E+3	3.539566666667E+3
1.041923753666E+3	3.552000000000E+3
1.041970674487E+3	3.557733333333E+3
1.042017595308E+3	3.564633333333E+3
1.042064516129E+3	3.567866666667E+3
1.042111436950E+3	3.571366666667E+3
1.042158357771E+3	3.571700000000E+3
1.042205278592E+3	3.570133333333E+3
1.042252199413E+3	3.573833333333E+3
1.042299120235E+3	3.573633333333E+3
1.042346041056E+3	3.579433333333E+3
1.042392961877E+3	3.584933333333E+3
1.042439882698E+3	3.592100000000E+3
1.042486803519E+3	3.597466666667E+3
1.042533724340E+3	3.605466666667E+3
1.042580645161E+3	3.617833333333E+3
1.042627565982E+3	3.621233333333E+3
1.042674486804E+3	3.625766666667E+3
1.042721407625E+3	3.629066666667E+3
1.042768328446E+3	3.635166666667E+3
1.042815249267E+3	3.640000000000E+3
1.042862170088E+3	3.655466666667E+3
1.042909090909E+3	3.662433333333E+3
1.042956011730E+3	3.669500000000E+3
1.043002932551E+3	3.675366666667E+3
1.043049853372E+3	3.679433333333E+3
1.043096774194E+3	3.686900000000E+3
1.043143695015E+3	3.692700000000E+3
1.043190615836E+3	3.709966666667E+3
1.043237536657E+3	3.716733333333E+3
1.043284457478E+3	3.724033333333E+3
1.043331378299E+3	3.727633333333E+3
1.043378299120E+3	3.730900000000E+3
1.043425219941E+3	3.732200000000E+3
1.043472140762E+3	3.733600000000E+3
1.043519061584E+3	3.745000000000E+3
1.043565982405E+3	3.751800000000E+3
1.043612903226E+3	3.762466666667E+3
1.043659824047E+3	3.772566666667E+3
1.043706744868E+3	3.783933333333E+3
1.043753665689E+3	3.795800000000E+3
1.043800586510E+3	3.815366666667E+3
1.043847507331E+3	3.824766666667E+3
1.043894428152E+3	3.833166666667E+3
1.043941348974E+3	3.840900000000E+3
1.043988269795E+3	3.851566666667E+3
1.044035190616E+3	3.860500000000E+3
1.044082111437E+3	3.872833333333E+3
1.044129032258E+3	3.888233333333E+3
1.044175953079E+3	3.894300000000E+3
1.044222873900E+3	3.899033333333E+3
1.044269794721E+3	3.901533333333E+3
1.044316715543E+3	3.902500000000E+3
1.044363636364E+3	3.909633333333E+3
1.044410557185E+3	3.918966666667E+3
1.044457478006E+3	3.945833333333E+3
1.044504398827E+3	3.958600000000E+3
1.044551319648E+3	3.973233333333E+3
1.044598240469E+3	3.987266666667E+3
1.044645161290E+3	4.001433333333E+3
1.044692082111E+3	4.014300000000E+3
1.044739002933E+3	4.024566666667E+3
1.044785923754E+3	4.051566666667E+3
1.044832844575E+3	4.062466666667E+3
1.044879765396E+3	4.077166666667E+3
1.044926686217E+3	4.087200000000E+3
1.044973607038E+3	4.098200000000E+3
1.045020527859E+3	4.109066666667E+3
1.045067448680E+3	4.130000000000E+3
1.045114369501E+3	4.140533333333E+3
1.045161290323E+3	4.152900000000E+3
1.045208211144E+3	4.166600000000E+3
1.045255131965E+3	4.182833333333E+3
1.045302052786E+3	4.201200000000E+3
1.045348973607E+3	4.217566666667E+3
1.045395894428E+3	4.248800000000E+3
1.045442815249E+3	4.261466666667E+3
1.045489736070E+3	4.272600000000E+3
1.045536656891E+3	4.283100000000E+3
1.045583577713E+3	4.294966666667E+3
1.045630498534E+3	4.310066666667E+3
1.045677419355E+3	4.326600000000E+3
1.045724340176E+3	4.366833333333E+3
1.045771260997E+3	4.388000000000E+3
1.045818181818E+3	4.410033333333E+3
1.045865102639E+3	4.430733333333E+3
1.045912023460E+3	4.449200000000E+3
1.045958944282E+3	4.470500000000E+3
1.046005865103E+3	4.507333333333E+3
1.046052785924E+3	4.525166666667E+3
1.046099706745E+3	4.544200000000E+3
1.046146627566E+3	4.562066666667E+3
1.046193548387E+3	4.578400000000E+3
1.046240469208E+3	4.592300000000E+3
1.046287390029E+3	4.608800000000E+3
1.046334310850E+3	4.639333333333E+3
1.046381231672E+3	4.655800000000E+3
1.046428152493E+3	4.674766666667E+3
1.046475073314E+3	4.695766666667E+3
1.046521994135E+3	4.718366666667E+3
1.046568914956E+3	4.740700000000E+3
1.046615835777E+3	4.790133333333E+3
1.046662756598E+3	4.813766666667E+3
1.046709677419E+3	4.837766666667E+3
1.046756598240E+3	4.862600000000E+3
1.046803519062E+3	4.886200000000E+3
1.046850439883E+3	4.912066666667E+3
1.046897360704E+3	4.936700000000E+3
1.046944281525E+3	4.985900000000E+3
1.046991202346E+3	5.005300000000E+3
1.047038123167E+3	5.024700000000E+3
1.047085043988E+3	5.040166666667E+3
1.047131964809E+3	5.052633333333E+3
1.047178885630E+3	5.068300000000E+3
1.047225806452E+3	5.084366666667E+3
1.047272727273E+3	5.123366666667E+3
1.047319648094E+3	5.144600000000E+3
1.047366568915E+3	5.169733333333E+3
1.047413489736E+3	5.194466666667E+3
1.047460410557E+3	5.219733333333E+3
1.047507331378E+3	5.243633333333E+3
1.047554252199E+3	5.289333333333E+3
1.047601173021E+3	5.310233333333E+3
1.047648093842E+3	5.328400000000E+3
1.047695014663E+3	5.350433333333E+3
1.047741935484E+3	5.367933333333E+3
1.047788856305E+3	5.386233333333E+3
1.047835777126E+3	5.402300000000E+3
1.047882697947E+3	5.432233333333E+3
1.047929618768E+3	5.447266666667E+3
1.047976539589E+3	5.462266666667E+3
1.048023460411E+3	5.478366666667E+3
1.048070381232E+3	5.496533333333E+3
1.048117302053E+3	5.516966666667E+3
1.048164222874E+3	5.554166666667E+3
1.048211143695E+3	5.565300000000E+3
1.048258064516E+3	5.574366666667E+3
1.048304985337E+3	5.577300000000E+3
1.048351906158E+3	5.578466666667E+3
1.048398826979E+3	5.580666666667E+3
1.048445747801E+3	5.583000000000E+3
1.048492668622E+3	5.593400000000E+3
1.048539589443E+3	5.601866666667E+3
1.048586510264E+3	5.610300000000E+3
1.048633431085E+3	5.616966666667E+3
1.048680351906E+3	5.625566666667E+3
1.048727272727E+3	5.630833333333E+3
1.048774193548E+3	5.635500000000E+3
1.048821114370E+3	5.637700000000E+3
1.048868035191E+3	5.633300000000E+3
1.048914956012E+3	5.631366666667E+3
1.048961876833E+3	5.627800000000E+3
1.049008797654E+3	5.622466666667E+3
1.049055718475E+3	5.614733333333E+3
1.049102639296E+3	5.603433333333E+3
1.049149560117E+3	5.561900000000E+3
1.049196480938E+3	5.540933333333E+3
1.049243401760E+3	5.517233333333E+3
1.049290322581E+3	5.497766666667E+3
1.049337243402E+3	5.475566666667E+3
1.049384164223E+3	5.455300000000E+3
1.049431085044E+3	5.437900000000E+3
1.049478005865E+3	5.394733333333E+3
1.049524926686E+3	5.371833333333E+3
1.049571847507E+3	5.345900000000E+3
1.049618768328E+3	5.319000000000E+3
1.049665689150E+3	5.289066666667E+3
1.049712609971E+3	5.260866666667E+3
1.049759530792E+3	5.198066666667E+3
1.049806451613E+3	5.163633333333E+3
1.049853372434E+3	5.125500000000E+3
1.049900293255E+3	5.083500000000E+3
1.049947214076E+3	5.037466666667E+3
1.049994134897E+3	4.988366666667E+3
1.050041055718E+3	4.937533333333E+3
1.050087976540E+3	4.828400000000E+3
1.050134897361E+3	4.776033333333E+3
1.050181818182E+3	4.723800000000E+3
1.050228739003E+3	4.674300000000E+3
1.050275659824E+3	4.625900000000E+3
1.050322580645E+3	4.573666666667E+3
1.050369501466E+3	4.462633333333E+3
1.050416422287E+3	4.402700000000E+3
1.050463343109E+3	4.340100000000E+3
1.050510263930E+3	4.275266666667E+3
1.050557184751E+3	4.208800000000E+3
1.050604105572E+3	4.142100000000E+3
1.050651026393E+3	4.079100000000E+3
1.050697947214E+3	3.944000000000E+3
1.050744868035E+3	3.877466666667E+3
1.050791788856E+3	3.809533333333E+3
1.050838709677E+3	3.741400000000E+3
1.050885630499E+3	3.672166666667E+3
1.050932551320E+3	3.602733333333E+3
1.050979472141E+3	3.461633333333E+3
1.051026392962E+3	3.389266666667E+3
1.051073313783E+3	3.316266666667E+3
1.051120234604E+3	3.243800000000E+3
1.051167155425E+3	3.169333333333E+3
1.051214076246E+3	3.095000000000E+3
1.051260997067E+3	3.019966666667E+3
1.051307917889E+3	2.865966666667E+3
1.051354838710E+3	2.791466666667E+3
1.051401759531E+3	2.717733333333E+3
1.051448680352E+3	2.644266666667E+3
1.051495601173E+3	2.571900000000E+3
1.051542521994E+3	2.503300000000E+3
1.051589442815E+3	2.363100000000E+3
1.051636363636E+3	2.293266666667E+3
1.051683284457E+3	2.224000000000E+3
1.051730205279E+3	2.156066666667E+3
1.051777126100E+3	2.089500000000E+3
1.051824046921E+3	2.022166666667E+3
1.051870967742E+3	1.956966666667E+3
1.051917888563E+3	1.830500000000E+3
1.051964809384E+3	1.766166666667E+3
1.052011730205E+3	1.705966666667E+3
1.052058651026E+3	1.643533333333E+3
1.052105571848E+3	1.584166666667E+3
1.052152492669E+3	1.525733333333E+3
1.052199413490E+3	1.413733333333E+3
1.052246334311E+3	1.359000000000E+3
1.052293255132E+3	1.307100000000E+3
1.052340175953E+3	1.258100000000E+3
1.052387096774E+3	1.208533333333E+3
1.052434017595E+3	1.161200000000E+3
1.052480938416E+3	1.070500000000E+3
1.052527859238E+3	1.026533333333E+3
1.052574780059E+3	9.859666666667E+2
1.052621700880E+3	9.448333333333E+2
1.052668621701E+3	9.066000000000E+2
1.052715542522E+3	8.711333333333E+2
1.052762463343E+3	8.340333333333E+2
1.052809384164E+3	7.670666666667E+2
1.052856304985E+3	7.357333333333E+2
1.052903225806E+3	7.057000000000E+2
1.052950146628E+3	6.769333333333E+2
1.052997067449E+3	6.505333333333E+2
1.053043988270E+3	6.217000000000E+2
1.053090909091E+3	5.750666666667E+2
1.053137829912E+3	5.516333333333E+2
1.053184750733E+3	5.302000000000E+2
1.053231671554E+3	5.107333333333E+2
1.053278592375E+3	4.892666666667E+2
1.053325513196E+3	4.722000000000E+2
1.053372434018E+3	4.549000000000E+2
1.053419354839E+3	4.220333333333E+2
1.053466275660E+3	4.070666666667E+2
1.053513196481E+3	3.928666666667E+2
1.053560117302E+3	3.804666666667E+2
1.053607038123E+3	3.674666666667E+2
1.053653958944E+3	3.556333333333E+2
1.053700879765E+3	3.342666666667E+2
1.053747800587E+3	3.237000000000E+2
1.053794721408E+3	3.144333333333E+2
1.053841642229E+3	3.048000000000E+2
1.053888563050E+3	2.981333333333E+2
1.053935483871E+3	2.883333333333E+2
1.053982404692E+3	2.813000000000E+2
1.054029325513E+3	2.664666666667E+2
1.054076246334E+3	2.602333333333E+2
1.054123167155E+3	2.530333333333E+2
1.054170087977E+3	2.466666666667E+2
1.054217008798E+3	2.418666666667E+2
1.054263929619E+3	2.363333333333E+2
1.054310850440E+3	2.248000000000E+2
1.054357771261E+3	2.190333333333E+2
1.054404692082E+3	2.148000000000E+2
1.054451612903E+3	2.127000000000E+2
1.054498533724E+3	2.067666666667E+2
1.054545454545E+3	2.032000000000E+2
1.054592375367E+3	1.944000000000E+2
1.054639296188E+3	1.904333333333E+2
1.054686217009E+3	1.864000000000E+2
1.054733137830E+3	1.823333333333E+2
1.054780058651E+3	1.796666666667E+2
1.054826979472E+3	1.757333333333E+2
1.054873900293E+3	1.739666666667E+2
1.054920821114E+3	1.667333333333E+2
1.054967741935E+3	1.616333333333E+2
1.055014662757E+3	1.617666666667E+2
1.055061583578E+3	1.586000000000E+2
1.055108504399E+3	1.552666666667E+2
1.055155425220E+3	1.534666666667E+2
1.055202346041E+3	1.479000000000E+2
1.055249266862E+3	1.456000000000E+2
1.055296187683E+3	1.427666666667E+2
1.055343108504E+3	1.400666666667E+2
1.055390029326E+3	1.375666666667E+2
1.055436950147E+3	1.366000000000E+2
1.055483870968E+3	1.325000000000E+2
1.055530791789E+3	1.291666666667E+2
1.055577712610E+3	1.290333333333E+2
1.055624633431E+3	1.242333333333E+2
1.055671554252E+3	1.232666666667E+2
1.055718475073E+3	1.205000000000E+2
1.055765395894E+3	1.218333333333E+2
1.055812316716E+3	1.169333333333E+2
1.055859237537E+3	1.145666666667E+2
1.055906158358E+3	1.120333333333E+2
1.055953079179E+3	1.105000000000E+2
1.056000000000E+3	1.105666666667E+2
