Wavelength	Intensity
1.008000000000E+3	4.566666666667E+0
1.008046920821E+3	4.000000000000E+0
1.008093841642E+3	4.466666666667E+0
1.008140762463E+3	6.866666666667E+0
1.008187683284E+3	5.933333333333E+0
1.008234604106E+3	4.066666666667E+0
1.008281524927E+3	4.533333333333E+0
1.008328445748E+3	4.466666666667E+0
1.008375366569E+3	4.200000000000E+0
1.008422287390E+3	5.200000000000E+0
1.008469208211E+3	4.600000000000E+0
1.008516129032E+3	7.366666666667E+0
1.008563049853E+3	6.000000000000E+0
1.008609970674E+3	6.266666666667E+0
1.008656891496E+3	5.666666666667E+0
1.008703812317E+3	5.933333333333E+0
1.008750733138E+3	7.000000000000E+0
1.008797653959E+3	6.766666666667E+0
1.008844574780E+3	6.600000000000E+0
1.008891495601E+3	9.166666666667E+0
1.008938416422E+3	8.300000000000E+0
1.008985337243E+3	9.166666666667E+0
1.009032258065E+3	9.733333333333E+0
1.009079178886E+3	8.366666666667E+0
1.009126099707E+3	9.566666666667E+0
1.009173020528E+3	1.090000000000E+1
1.009219941349E+3	8.066666666667E+0
1.009266862170E+3	1.413333333333E+1
1.009313782991E+3	1.296666666667E+1
1.009360703812E+3	1.326666666667E+1
1.009407624633E+3	1.236666666667E+1
1.009454545455E+3	1.406666666667E+1
1.009501466276E+3	1.663333333333E+1
1.009548387097E+3	1.656666666667E+1
1.009595307918E+3	1.736666666667E+1
1.009642228739E+3	2.136666666667E+1
1.009689149560E+3	2.040000000000E+1
1.009736070381E+3	2.206666666667E+1
1.009782991202E+3	2.503333333333E+1
1.009829912023E+3	2.693333333333E+1
1.009876832845E+3	2.880000000000E+1
1.009923753666E+3	3.123333333333E+1
1.009970674487E+3	3.253333333333E+1
1.010017595308E+3	4.176666666667E+1
1.010064516129E+3	4.153333333333E+1
1.010111436950E+3	4.630000000000E+1
1.010158357771E+3	4.920000000000E+1
1.010205278592E+3	5.366666666667E+1
1.010252199413E+3	5.850000000000E+1
1.010299120235E+3	6.243333333333E+1
1.010346041056E+3	6.906666666667E+1
1.010392961877E+3	8.093333333333E+1
1.010439882698E+3	8.726666666667E+1
1.010486803519E+3	9.666666666667E+1
1.010533724340E+3	1.036000000000E+2
1.010580645161E+3	1.139333333333E+2
1.010627565982E+3	1.215000000000E+2
1.010674486804E+3	1.323000000000E+2
1.010721407625E+3	1.413333333333E+2
1.010768328446E+3	1.644666666667E+2
1.010815249267E+3	1.749333333333E+2
1.010862170088E+3	1.859333333333E+2
1.010909090909E+3	1.980333333333E+2
1.010956011730E+3	2.086000000000E+2
1.011002932551E+3	2.212000000000E+2
1.011049853372E+3	2.330000000000E+2
1.011096774194E+3	2.450666666667E+2
1.011143695015E+3	2.714333333333E+2
1.011190615836E+3	2.827000000000E+2
1.011237536657E+3	2.976666666667E+2
1.011284457478E+3	3.108000000000E+2
1.011331378299E+3	3.254333333333E+2
1.011378299120E+3	3.374333333333E+2
1.011425219941E+3	3.495000000000E+2
1.011472140762E+3	3.616666666667E+2
1.011519061584E+3	3.846333333333E+2
1.011565982405E+3	3.970000000000E+2
1.011612903226E+3	4.066000000000E+2
1.011659824047E+3	4.169333333333E+2
1.011706744868E+3	4.250666666667E+2
1.011753665689E+3	4.354000000000E+2
1.011800586510E+3	4.435333333333E+2
1.011847507331E+3	4.638333333333E+2
1.011894428152E+3	4.738666666667E+2
1.011941348974E+3	4.855333333333E+2
1.011988269795E+3	4.957333333333E+2
1.012035190616E+3	5.053666666667E+2
1.012082111437E+3	5.142333333333E+2
1.012129032258E+3	5.206000000000E+2
1.012175953079E+3	5.263333333333E+2
1.012222873900E+3	5.367333333333E+2
1.012269794721E+3	5.424666666667E+2
1.012316715543E+3	5.479666666667E+2
1.012363636364E+3	5.554333333333E+2
1.012410557185E+3	5.637000000000E+2
1.012457478006E+3	5.721666666667E+2
1.012504398827E+3	5.811666666667E+2
1.012551319648E+3	5.895000000000E+2
1.012598240469E+3	6.050333333333E+2
1.012645161290E+3	6.098333333333E+2
1.012692082111E+3	6.148000000000E+2
1.012739002933E+3	6.193333333333E+2
1.012785923754E+3	6.216333333333E+2
1.012832844575E+3	6.241000000000E+2
1.012879765396E+3	6.252666666667E+2
1.012926686217E+3	6.256666666667E+2
1.012973607038E+3	6.332000000000E+2
1.013020527859E+3	6.369666666667E+2
1.013067448680E+3	6.422666666667E+2
1.013114369501E+3	6.501333333333E+2
1.013161290323E+3	6.563666666667E+2
1.013208211144E+3	6.610333333333E+2
1.013255131965E+3	6.663666666667E+2
1.013302052786E+3	6.709666666667E+2
1.013348973607E+3	6.746333333333E+2
1.013395894428E+3	6.761333333333E+2
1.013442815249E+3	6.772666666667E+2
1.013489736070E+3	6.791000000000E+2
1.013536656891E+3	6.789666666667E+2
1.013583577713E+3	6.816333333333E+2
1.013630498534E+3	6.820666666667E+2
1.013677419355E+3	6.824333333333E+2
1.013724340176E+3	6.859333333333E+2
1.013771260997E+3	6.857000000000E+2
1.013818181818E+3	6.870666666667E+2
1.013865102639E+3	6.901666666667E+2
1.013912023460E+3	6.937333333333E+2
1.013958944282E+3	6.946000000000E+2
1.014005865103E+3	6.971666666667E+2
1.014052785924E+3	7.009333333333E+2
1.014099706745E+3	6.971666666667E+2
1.014146627566E+3	6.957333333333E+2
1.014193548387E+3	6.958666666667E+2
1.014240469208E+3	6.951666666667E+2
1.014287390029E+3	6.935666666667E+2
1.014334310850E+3	6.926333333333E+2
1.014381231672E+3	6.919333333333E+2
1.014428152493E+3	6.939000000000E+2
1.014475073314E+3	6.926333333333E+2
1.014521994135E+3	6.924333333333E+2
1.014568914956E+3	6.918333333333E+2
1.014615835777E+3	6.931333333333E+2
1.014662756598E+3	6.951333333333E+2
1.014709677419E+3	6.951000000000E+2
1.014756598240E+3	6.932666666667E+2
1.014803519062E+3	6.909666666667E+2
1.014850439883E+3	6.808666666667E+2
1.014897360704E+3	6.750666666667E+2
1.014944281525E+3	6.739333333333E+2
1.014991202346E+3	6.712666666667E+2
1.015038123167E+3	6.703333333333E+2
1.015085043988E+3	6.712666666667E+2
1.015131964809E+3	6.719333333333E+2
1.015178885630E+3	6.747000000000E+2
1.015225806452E+3	6.707333333333E+2
1.015272727273E+3	6.703000000000E+2
1.015319648094E+3	6.655333333333E+2
1.015366568915E+3	6.643000000000E+2
1.015413489736E+3	6.615000000000E+2
1.015460410557E+3	6.583666666667E+2
1.015507331378E+3	6.563666666667E+2
1.015554252199E+3	6.473666666667E+2
1.015601173021E+3	6.446333333333E+2
1.015648093842E+3	6.412666666667E+2
1.015695014663E+3	6.384000000000E+2
1.015741935484E+3	6.358666666667E+2
1.015788856305E+3	6.349666666667E+2
1.015835777126E+3	6.342333333333E+2
1.015882697947E+3	6.337666666667E+2
1.015929618768E+3	6.284000000000E+2
1.015976539589E+3	6.233000000000E+2
1.016023460411E+3	6.203333333333E+2
1.016070381232E+3	6.164000000000E+2
1.016117302053E+3	6.113000000000E+2
1.016164222874E+3	6.088333333333E+2
1.016211143695E+3	6.070666666667E+2
1.016258064516E+3	6.069666666667E+2
1.016304985337E+3	5.992000000000E+2
1.016351906158E+3	5.970666666667E+2
1.016398826979E+3	5.934333333333E+2
1.016445747801E+3	5.924333333333E+2
1.016492668622E+3	5.879666666667E+2
1.016539589443E+3	5.861333333333E+2
1.016586510264E+3	5.857000000000E+2
1.016633431085E+3	5.785000000000E+2
1.016680351906E+3	5.761333333333E+2
1.016727272727E+3	5.714666666667E+2
1.016774193548E+3	5.670000000000E+2
1.016821114370E+3	5.623333333333E+2
1.016868035191E+3	5.576333333333E+2
1.016914956012E+3	5.534333333333E+2
1.016961876833E+3	5.531333333333E+2
1.017008797654E+3	5.468000000000E+2
1.017055718475E+3	5.442000000000E+2
1.017102639296E+3	5.447666666667E+2
1.017149560117E+3	5.422666666667E+2
1.017196480938E+3	5.413333333333E+2
1.017243401760E+3	5.393333333333E+2
1.017290322581E+3	5.365666666667E+2
1.017337243402E+3	5.368666666667E+2
1.017384164223E+3	5.282000000000E+2
1.017431085044E+3	5.249666666667E+2
1.017478005865E+3	5.195666666667E+2
1.017524926686E+3	5.144333333333E+2
1.017571847507E+3	5.095333333333E+2
1.017618768328E+3	5.061333333333E+2
1.017665689150E+3	5.039000000000E+2
1.017712609971E+3	4.989000000000E+2
1.017759530792E+3	4.976666666667E+2
1.017806451613E+3	4.974000000000E+2
1.017853372434E+3	4.969666666667E+2
1.017900293255E+3	4.959333333333E+2
1.017947214076E+3	4.937333333333E+2
1.017994134897E+3	4.916000000000E+2
1.018041055718E+3	4.896333333333E+2
1.018087976540E+3	4.830333333333E+2
1.018134897361E+3	4.793000000000E+2
1.018181818182E+3	4.769000000000E+2
1.018228739003E+3	4.728666666667E+2
1.018275659824E+3	4.717666666667E+2
1.018322580645E+3	4.661333333333E+2
1.018369501466E+3	4.670000000000E+2
1.018416422287E+3	4.611000000000E+2
1.018463343109E+3	4.582333333333E+2
1.018510263930E+3	4.572333333333E+2
1.018557184751E+3	4.564666666667E+2
1.018604105572E+3	4.545333333333E+2
1.018651026393E+3	4.523333333333E+2
1.018697947214E+3	4.499333333333E+2
1.018744868035E+3	4.494666666667E+2
1.018791788856E+3	4.428000000000E+2
1.018838709677E+3	4.407000000000E+2
1.018885630499E+3	4.386333333333E+2
1.018932551320E+3	4.377000000000E+2
1.018979472141E+3	4.348000000000E+2
1.019026392962E+3	4.351333333333E+2
1.019073313783E+3	4.317666666667E+2
1.019120234604E+3	4.309666666667E+2
1.019167155425E+3	4.255000000000E+2
1.019214076246E+3	4.255666666667E+2
1.019260997067E+3	4.224333333333E+2
1.019307917889E+3	4.210333333333E+2
1.019354838710E+3	4.197000000000E+2
1.019401759531E+3	4.176666666667E+2
1.019448680352E+3	4.168666666667E+2
1.019495601173E+3	4.119333333333E+2
1.019542521994E+3	4.088333333333E+2
1.019589442815E+3	4.072000000000E+2
1.019636363636E+3	4.059666666667E+2
1.019683284457E+3	4.034000000000E+2
1.019730205279E+3	4.036000000000E+2
1.019777126100E+3	4.022000000000E+2
1.019824046921E+3	4.030666666667E+2
1.019870967742E+3	3.970333333333E+2
1.019917888563E+3	3.969666666667E+2
1.019964809384E+3	3.934666666667E+2
1.020011730205E+3	3.933333333333E+2
1.020058651026E+3	3.920333333333E+2
1.020105571848E+3	3.911000000000E+2
1.020152492669E+3	3.909666666667E+2
1.020199413490E+3	3.838000000000E+2
1.020246334311E+3	3.821333333333E+2
1.020293255132E+3	3.806666666667E+2
1.020340175953E+3	3.792666666667E+2
1.020387096774E+3	3.779333333333E+2
1.020434017595E+3	3.781666666667E+2
1.020480938416E+3	3.776666666667E+2
1.020527859238E+3	3.778666666667E+2
1.020574780059E+3	3.758000000000E+2
1.020621700880E+3	3.712666666667E+2
1.020668621701E+3	3.696333333333E+2
1.020715542522E+3	3.682666666667E+2
1.020762463343E+3	3.652000000000E+2
1.020809384164E+3	3.625666666667E+2
1.020856304985E+3	3.650000000000E+2
1.020903225806E+3	3.625333333333E+2
1.020950146628E+3	3.623333333333E+2
1.020997067449E+3	3.617666666667E+2
1.021043988270E+3	3.617000000000E+2
1.021090909091E+3	3.620333333333E+2
1.021137829912E+3	3.607666666667E+2
1.021184750733E+3	3.585333333333E+2
1.021231671554E+3	3.597000000000E+2
1.021278592375E+3	3.550333333333E+2
1.021325513196E+3	3.524666666667E+2
1.021372434018E+3	3.502333333333E+2
1.021419354839E+3	3.504000000000E+2
1.021466275660E+3	3.476333333333E+2
1.021513196481E+3	3.436000000000E+2
1.021560117302E+3	3.456000000000E+2
1.021607038123E+3	3.432333333333E+2
1.021653958944E+3	3.449666666667E+2
1.021700879765E+3	3.451000000000E+2
1.021747800587E+3	3.458000000000E+2
1.021794721408E+3	3.442666666667E+2
1.021841642229E+3	3.442666666667E+2
1.021888563050E+3	3.441333333333E+2
1.021935483871E+3	3.444000000000E+2
1.021982404692E+3	3.400333333333E+2
1.022029325513E+3	3.383666666667E+2
1.022076246334E+3	3.371333333333E+2
1.022123167155E+3	3.361666666667E+2
1.022170087977E+3	3.346666666667E+2
1.022217008798E+3	3.307666666667E+2
1.022263929619E+3	3.320666666667E+2
1.022310850440E+3	3.288000000000E+2
1.022357771261E+3	3.279666666667E+2
1.022404692082E+3	3.291000000000E+2
1.022451612903E+3	3.293666666667E+2
1.022498533724E+3	3.292333333333E+2
1.022545454545E+3	3.301000000000E+2
1.022592375367E+3	3.286333333333E+2
1.022639296188E+3	3.316666666667E+2
1.022686217009E+3	3.266000000000E+2
1.022733137830E+3	3.265666666667E+2
1.022780058651E+3	3.263333333333E+2
1.022826979472E+3	3.236000000000E+2
1.022873900293E+3	3.214666666667E+2
1.022920821114E+3	3.210333333333E+2
1.022967741935E+3	3.219666666667E+2
1.023014662757E+3	3.173000000000E+2
1.023061583578E+3	3.191000000000E+2
1.023108504399E+3	3.187666666667E+2
1.023155425220E+3	3.186333333333E+2
1.023202346041E+3	3.178000000000E+2
1.023249266862E+3	3.189000000000E+2
1.023296187683E+3	3.181333333333E+2
1.023343108504E+3	3.187333333333E+2
1.023390029326E+3	3.163333333333E+2
1.023436950147E+3	3.129000000000E+2
1.023483870968E+3	3.133000000000E+2
1.023530791789E+3	3.113666666667E+2
1.023577712610E+3	3.104333333333E+2
1.023624633431E+3	3.108666666667E+2
1.023671554252E+3	3.146666666667E+2
1.023718475073E+3	3.118333333333E+2
1.023765395894E+3	3.109333333333E+2
1.023812316716E+3	3.121333333333E+2
1.023859237537E+3	3.100666666667E+2
1.023906158358E+3	3.107666666667E+2
1.023953079179E+3	3.086333333333E+2
1.024000000000E+3	3.099000000000E+2
1.024046920821E+3	3.056333333333E+2
1.024093841642E+3	3.036000000000E+2
1.024140762463E+3	3.059333333333E+2
1.024187683284E+3	3.051333333333E+2
1.024234604106E+3	3.067000000000E+2
1.024281524927E+3	3.057333333333E+2
1.024328445748E+3	3.066666666667E+2
1.024375366569E+3	3.086000000000E+2
1.024422287390E+3	3.055666666667E+2
1.024469208211E+3	3.036333333333E+2
1.024516129032E+3	3.019666666667E+2
1.024563049853E+3	3.006666666667E+2
1.024609970674E+3	2.986333333333E+2
1.024656891496E+3	2.983666666667E+2
1.024703812317E+3	3.000333333333E+2
1.024750733138E+3	2.981666666667E+2
1.024797653959E+3	3.008333333333E+2
1.024844574780E+3	3.031000000000E+2
1.024891495601E+3	3.064333333333E+2
1.024938416422E+3	3.050666666667E+2
1.024985337243E+3	3.077666666667E+2
1.025032258065E+3	3.085666666667E+2
1.025079178886E+3	3.024000000000E+2
1.025126099707E+3	2.993666666667E+2
1.025173020528E+3	2.962666666667E+2
1.025219941349E+3	2.942666666667E+2
1.025266862170E+3	2.913333333333E+2
1.025313782991E+3	2.935000000000E+2
1.025360703812E+3	2.901000000000E+2
1.025407624633E+3	2.948000000000E+2
1.025454545455E+3	2.965000000000E+2
1.025501466276E+3	3.001000000000E+2
1.025548387097E+3	3.035333333333E+2
1.025595307918E+3	3.046000000000E+2
1.025642228739E+3	3.059333333333E+2
1.025689149560E+3	3.071000000000E+2
1.025736070381E+3	3.078333333333E+2
1.025782991202E+3	3.020666666667E+2
1.025829912023E+3	2.960666666667E+2
1.025876832845E+3	2.933666666667E+2
1.025923753666E+3	2.909000000000E+2
1.025970674487E+3	2.867666666667E+2
1.026017595308E+3	2.853333333333E+2
1.026064516129E+3	2.887000000000E+2
1.026111436950E+3	2.916333333333E+2
1.026158357771E+3	2.948333333333E+2
1.026205278592E+3	3.015666666667E+2
1.026252199413E+3	3.057666666667E+2
1.026299120235E+3	3.085666666667E+2
1.026346041056E+3	3.085000000000E+2
1.026392961877E+3	3.088666666667E+2
1.026439882698E+3	3.056000000000E+2
1.026486803519E+3	2.923333333333E+2
1.026533724340E+3	2.880333333333E+2
1.026580645161E+3	2.817333333333E+2
1.026627565982E+3	2.808333333333E+2
1.026674486804E+3	2.810000000000E+2
1.026721407625E+3	2.836666666667E+2
1.026768328446E+3	2.942000000000E+2
1.026815249267E+3	2.982000000000E+2
1.026862170088E+3	3.048000000000E+2
1.026909090909E+3	3.062000000000E+2
1.026956011730E+3	3.064000000000E+2
1.027002932551E+3	3.007000000000E+2
1.027049853372E+3	2.964666666667E+2
1.027096774194E+3	2.907666666667E+2
1.027143695015E+3	2.819000000000E+2
1.027190615836E+3	2.783666666667E+2
1.027237536657E+3	2.776000000000E+2
1.027284457478E+3	2.788000000000E+2
1.027331378299E+3	2.797333333333E+2
1.027378299120E+3	2.845666666667E+2
1.027425219941E+3	2.875333333333E+2
1.027472140762E+3	2.967000000000E+2
1.027519061584E+3	2.973333333333E+2
1.027565982405E+3	2.965666666667E+2
1.027612903226E+3	2.946333333333E+2
1.027659824047E+3	2.920000000000E+2
1.027706744868E+3	2.884666666667E+2
1.027753665689E+3	2.851333333333E+2
1.027800586510E+3	2.848666666667E+2
1.027847507331E+3	2.789333333333E+2
1.027894428152E+3	2.795666666667E+2
1.027941348974E+3	2.802333333333E+2
1.027988269795E+3	2.795333333333E+2
1.028035190616E+3	2.825666666667E+2
1.028082111437E+3	2.836666666667E+2
1.028129032258E+3	2.860000000000E+2
1.028175953079E+3	2.855666666667E+2
1.028222873900E+3	2.851333333333E+2
1.028269794721E+3	2.855666666667E+2
1.028316715543E+3	2.860666666667E+2
1.028363636364E+3	2.847000000000E+2
1.028410557185E+3	2.835000000000E+2
1.028457478006E+3	2.836000000000E+2
1.028504398827E+3	2.803333333333E+2
1.028551319648E+3	2.766333333333E+2
1.028598240469E+3	2.761333333333E+2
1.028645161290E+3	2.755666666667E+2
1.028692082111E+3	2.776000000000E+2
1.028739002933E+3	2.765000000000E+2
1.028785923754E+3	2.770333333333E+2
1.028832844575E+3	2.826333333333E+2
1.028879765396E+3	2.822333333333E+2
1.028926686217E+3	2.825333333333E+2
1.028973607038E+3	2.805333333333E+2
1.029020527859E+3	2.826333333333E+2
1.029067448680E+3	2.802000000000E+2
1.029114369501E+3	2.798666666667E+2
1.029161290323E+3	2.780333333333E+2
1.029208211144E+3	2.736000000000E+2
1.029255131965E+3	2.728333333333E+2
1.029302052786E+3	2.706333333333E+2
1.029348973607E+3	2.713000000000E+2
1.029395894428E+3	2.722000000000E+2
1.029442815249E+3	2.736666666667E+2
1.029489736070E+3	2.809333333333E+2
1.029536656891E+3	2.796000000000E+2
1.029583577713E+3	2.826000000000E+2
1.029630498534E+3	2.816666666667E+2
1.029677419355E+3	2.817333333333E+2
1.029724340176E+3	2.767000000000E+2
1.029771260997E+3	2.774666666667E+2
1.029818181818E+3	2.748333333333E+2
1.029865102639E+3	2.677666666667E+2
1.029912023460E+3	2.687000000000E+2
1.029958944282E+3	2.662333333333E+2
1.030005865103E+3	2.681333333333E+2
1.030052785924E+3	2.682666666667E+2
1.030099706745E+3	2.700666666667E+2
1.030146627566E+3	2.754000000000E+2
1.030193548387E+3	2.735666666667E+2
1.030240469208E+3	2.745666666667E+2
1.030287390029E+3	2.737000000000E+2
1.030334310850E+3	2.761666666667E+2
1.030381231672E+3	2.755666666667E+2
1.030428152493E+3	2.734666666667E+2
1.030475073314E+3	2.741333333333E+2
1.030521994135E+3	2.684000000000E+2
1.030568914956E+3	2.682333333333E+2
1.030615835777E+3	2.647333333333E+2
1.030662756598E+3	2.650333333333E+2
1.030709677419E+3	2.641666666667E+2
1.030756598240E+3	2.667333333333E+2
1.030803519062E+3	2.674333333333E+2
1.030850439883E+3	2.689666666667E+2
1.030897360704E+3	2.678000000000E+2
1.030944281525E+3	2.685666666667E+2
1.030991202346E+3	2.713333333333E+2
1.031038123167E+3	2.698666666667E+2
1.031085043988E+3	2.734333333333E+2
1.031131964809E+3	2.721000000000E+2
1.031178885630E+3	2.741000000000E+2
1.031225806452E+3	2.689000000000E+2
1.031272727273E+3	2.672000000000E+2
1.031319648094E+3	2.642666666667E+2
1.031366568915E+3	2.598000000000E+2
1.031413489736E+3	2.585000000000E+2
1.031460410557E+3	2.577333333333E+2
1.031507331378E+3	2.628333333333E+2
1.031554252199E+3	2.649000000000E+2
1.031601173021E+3	2.694666666667E+2
1.031648093842E+3	2.727333333333E+2
1.031695014663E+3	2.756666666667E+2
1.031741935484E+3	2.763333333333E+2
1.031788856305E+3	2.765333333333E+2
1.031835777126E+3	2.757333333333E+2
1.031882697947E+3	2.693666666667E+2
1.031929618768E+3	2.652000000000E+2
1.031976539589E+3	2.629333333333E+2
1.032023460411E+3	2.572333333333E+2
1.032070381232E+3	2.568666666667E+2
1.032117302053E+3	2.557666666667E+2
1.032164222874E+3	2.604333333333E+2
1.032211143695E+3	2.623000000000E+2
1.032258064516E+3	2.656000000000E+2
1.032304985337E+3	2.709333333333E+2
1.032351906158E+3	2.721666666667E+2
1.032398826979E+3	2.777666666667E+2
1.032445747801E+3	2.755000000000E+2
1.032492668622E+3	2.772666666667E+2
1.032539589443E+3	2.692000000000E+2
1.032586510264E+3	2.623333333333E+2
1.032633431085E+3	2.608000000000E+2
1.032680351906E+3	2.576333333333E+2
1.032727272727E+3	2.562666666667E+2
1.032774193548E+3	2.541666666667E+2
1.032821114370E+3	2.594000000000E+2
1.032868035191E+3	2.603000000000E+2
1.032914956012E+3	2.630666666667E+2
1.032961876833E+3	2.653666666667E+2
1.033008797654E+3	2.662333333333E+2
1.033055718475E+3	2.685333333333E+2
1.033102639296E+3	2.681000000000E+2
1.033149560117E+3	2.695000000000E+2
1.033196480938E+3	2.652333333333E+2
1.033243401760E+3	2.634333333333E+2
1.033290322581E+3	2.604666666667E+2
1.033337243402E+3	2.590333333333E+2
1.033384164223E+3	2.606666666667E+2
1.033431085044E+3	2.580666666667E+2
1.033478005865E+3	2.614666666667E+2
1.033524926686E+3	2.616666666667E+2
1.033571847507E+3	2.612333333333E+2
1.033618768328E+3	2.626666666667E+2
1.033665689150E+3	2.621333333333E+2
1.033712609971E+3	2.638000000000E+2
1.033759530792E+3	2.624666666667E+2
1.033806451613E+3	2.664000000000E+2
1.033853372434E+3	2.637333333333E+2
1.033900293255E+3	2.642000000000E+2
1.033947214076E+3	2.629000000000E+2
1.033994134897E+3	2.632000000000E+2
1.034041055718E+3	2.620333333333E+2
1.034087976540E+3	2.616333333333E+2
1.034134897361E+3	2.653333333333E+2
1.034181818182E+3	2.615666666667E+2
1.034228739003E+3	2.620000000000E+2
1.034275659824E+3	2.609666666667E+2
1.034322580645E+3	2.610666666667E+2
1.034369501466E+3	2.635333333333E+2
1.034416422287E+3	2.629333333333E+2
1.034463343109E+3	2.652666666667E+2
1.034510263930E+3	2.637000000000E+2
1.034557184751E+3	2.635666666667E+2
1.034604105572E+3	2.631333333333E+2
1.034651026393E+3	2.624666666667E+2
1.034697947214E+3	2.622000000000E+2
1.034744868035E+3	2.627333333333E+2
1.034791788856E+3	2.622000000000E+2
1.034838709677E+3	2.635666666667E+2
1.034885630499E+3	2.614000000000E+2
1.034932551320E+3	2.627000000000E+2
1.034979472141E+3	2.596333333333E+2
1.035026392962E+3	2.611000000000E+2
1.035073313783E+3	2.607666666667E+2
1.035120234604E+3	2.624000000000E+2
1.035167155425E+3	2.664000000000E+2
1.035214076246E+3	2.633666666667E+2
1.035260997067E+3	2.651333333333E+2
1.035307917889E+3	2.632000000000E+2
1.035354838710E+3	2.647666666667E+2
1.035401759531E+3	2.655666666667E+2
1.035448680352E+3	2.660000000000E+2
1.035495601173E+3	2.652666666667E+2
1.035542521994E+3	2.628666666667E+2
1.035589442815E+3	2.651666666667E+2
1.035636363636E+3	2.636000000000E+2
1.035683284457E+3	2.643000000000E+2
1.035730205279E+3	2.625333333333E+2
1.035777126100E+3	2.642333333333E+2
1.035824046921E+3	2.616333333333E+2
1.035870967742E+3	2.602333333333E+2
1.035917888563E+3	2.628333333333E+2
1.035964809384E+3	2.619666666667E+2
1.036011730205E+3	2.637333333333E+2
1.036058651026E+3	2.644666666667E+2
1.036105571848E+3	2.678666666667E+2
1.036152492669E+3	2.641000000000E+2
1.036199413490E+3	2.636333333333E+2
1.036246334311E+3	2.649666666667E+2
1.036293255132E+3	2.632333333333E+2
1.036340175953E+3	2.626333333333E+2
1.036387096774E+3	2.607333333333E+2
1.036434017595E+3	2.644666666667E+2
1.036480938416E+3	2.595333333333E+2
1.036527859238E+3	2.607333333333E+2
1.036574780059E+3	2.604333333333E+2
1.036621700880E+3	2.599666666667E+2
1.036668621701E+3	2.613000000000E+2
1.036715542522E+3	2.610333333333E+2
1.036762463343E+3	2.645000000000E+2
1.036809384164E+3	2.627666666667E+2
1.036856304985E+3	2.629333333333E+2
1.036903225806E+3	2.618333333333E+2
1.036950146628E+3	2.613666666667E+2
1.036997067449E+3	2.609000000000E+2
1.037043988270E+3	2.598333333333E+2
1.037090909091E+3	2.630666666667E+2
1.037137829912E+3	2.611333333333E+2
1.037184750733E+3	2.597000000000E+2
1.037231671554E+3	2.596666666667E+2
1.037278592375E+3	2.601333333333E+2
1.037325513196E+3	2.609666666667E+2
1.037372434018E+3	2.587000000000E+2
1.037419354839E+3	2.612666666667E+2
1.037466275660E+3	2.588666666667E+2
1.037513196481E+3	2.583333333333E+2
1.037560117302E+3	2.594000000000E+2
1.037607038123E+3	2.584666666667E+2
1.037653958944E+3	2.582333333333E+2
1.037700879765E+3	2.571666666667E+2
1.037747800587E+3	2.589000000000E+2
1.037794721408E+3	2.553333333333E+2
1.037841642229E+3	2.563333333333E+2
1.037888563050E+3	2.535333333333E+2
1.037935483871E+3	2.546666666667E+2
1.037982404692E+3	2.558666666667E+2
1.038029325513E+3	2.556666666667E+2
1.038076246334E+3	2.576333333333E+2
1.038123167155E+3	2.556333333333E+2
1.038170087977E+3	2.545666666667E+2
1.038217008798E+3	2.564333333333E+2
1.038263929619E+3	2.530333333333E+2
1.038310850440E+3	2.570333333333E+2
1.038357771261E+3	2.554000000000E+2
1.038404692082E+3	2.571666666667E+2
1.038451612903E+3	2.533000000000E+2
1.038498533724E+3	2.531333333333E+2
1.038545454545E+3	2.521000000000E+2
1.038592375367E+3	2.502333333333E+2
1.038639296188E+3	2.491666666667E+2
1.038686217009E+3	2.500666666667E+2
1.038733137830E+3	2.518000000000E+2
1.038780058651E+3	2.508666666667E+2
1.038826979472E+3	2.493666666667E+2
1.038873900293E+3	2.514333333333E+2
1.038920821114E+3	2.500000000000E+2
1.038967741935E+3	2.513000000000E+2
1.039014662757E+3	2.497333333333E+2
1.039061583578E+3	2.528333333333E+2
1.039108504399E+3	2.474333333333E+2
1.039155425220E+3	2.471333333333E+2
1.039202346041E+3	2.496666666667E+2
1.039249266862E+3	2.477333333333E+2
1.039296187683E+3	2.475000000000E+2
1.039343108504E+3	2.462000000000E+2
1.039390029326E+3	2.474333333333E+2
1.039436950147E+3	2.467333333333E+2
1.039483870968E+3	2.439333333333E+2
1.039530791789E+3	2.459000000000E+2
1.039577712610E+3	2.443000000000E+2
1.039624633431E+3	2.458666666667E+2
1.039671554252E+3	2.497666666667E+2
1.039718475073E+3	2.456333333333E+2
1.039765395894E+3	2.450333333333E+2
1.039812316716E+3	2.446000000000E+2
1.039859237537E+3	2.429333333333E+2
1.039906158358E+3	2.427000000000E+2
1.039953079179E+3	2.444666666667E+2
1.040000000000E+3	2.462333333333E+2
1.040046920821E+3	2.442000000000E+2
1.040093841642E+3	2.434000000000E+2
1.040140762463E+3	2.426666666667E+2
1.040187683284E+3	2.423333333333E+2
1.040234604106E+3	2.441000000000E+2
1.040281524927E+3	2.440000000000E+2
1.040328445748E+3	2.463000000000E+2
1.040375366569E+3	2.421000000000E+2
1.040422287390E+3	2.442666666667E+2
1.040469208211E+3	2.413000000000E+2
1.040516129032E+3	2.420333333333E+2
1.040563049853E+3	2.404333333333E+2
1.040609970674E+3	2.397000000000E+2
1.040656891496E+3	2.423666666667E+2
1.040703812317E+3	2.396000000000E+2
1.040750733138E+3	2.412000000000E+2
1.040797653959E+3	2.407000000000E+2
1.040844574780E+3	2.407000000000E+2
1.040891495601E+3	2.412333333333E+2
1.040938416422E+3	2.436666666667E+2
1.040985337243E+3	2.455000000000E+2
1.041032258065E+3	2.429666666667E+2
1.041079178886E+3	2.431333333333E+2
1.041126099707E+3	2.423333333333E+2
1.041173020528E+3	2.430666666667E+2
1.041219941349E+3	2.433666666667E+2
1.041266862170E+3	2.439000000000E+2
1.041313782991E+3	2.417666666667E+2
1.041360703812E+3	2.405666666667E+2
1.041407624633E+3	2.406000000000E+2
1.041454545455E+3	2.402000000000E+2
1.041501466276E+3	2.409666666667E+2
1.041548387097E+3	2.413333333333E+2
1.041595307918E+3	2.439333333333E+2
1.041642228739E+3	2.417666666667E+2
1.041689149560E+3	2.433666666667E+2
1.041736070381E+3	2.426333333333E+2
1.041782991202E+3	2.434000000000E+2
1.041829912023E+3	2.436666666667E+2
1.041876832845E+3	2.435333333333E+2
1.041923753666E+3	2.457666666667E+2
1.041970674487E+3	2.451000000000E+2
1.042017595308E+3	2.437000000000E+2
1.042064516129E+3	2.449666666667E+2
1.042111436950E+3	2.440000000000E+2
1.042158357771E+3	2.453000000000E+2
1.042205278592E+3	2.431666666667E+2
1.042252199413E+3	2.465000000000E+2
1.042299120235E+3	2.431000000000E+2
1.042346041056E+3	2.426000000000E+2
1.042392961877E+3	2.455666666667E+2
1.042439882698E+3	2.444000000000E+2
1.042486803519E+3	2.468333333333E+2
1.042533724340E+3	2.470333333333E+2
1.042580645161E+3	2.489666666667E+2
1.042627565982E+3	2.471666666667E+2
1.042674486804E+3	2.472333333333E+2
1.042721407625E+3	2.476333333333E+2
1.042768328446E+3	2.467666666667E+2
1.042815249267E+3	2.470000000000E+2
1.042862170088E+3	2.499666666667E+2
1.042909090909E+3	2.484000000000E+2
1.042956011730E+3	2.498333333333E+2
1.043002932551E+3	2.496666666667E+2
1.043049853372E+3	2.500666666667E+2
1.043096774194E+3	2.511333333333E+2
1.043143695015E+3	2.516666666667E+2
1.043190615836E+3	2.546666666667E+2
1.043237536657E+3	2.544666666667E+2
1.043284457478E+3	2.536666666667E+2
1.043331378299E+3	2.526000000000E+2
1.043378299120E+3	2.535000000000E+2
1.043425219941E+3	2.518333333333E+2
1.043472140762E+3	2.529333333333E+2
1.043519061584E+3	2.544000000000E+2
1.043565982405E+3	2.530333333333E+2
1.043612903226E+3	2.544666666667E+2
1.043659824047E+3	2.538000000000E+2
1.043706744868E+3	2.537333333333E+2
1.043753665689E+3	2.557333333333E+2
1.043800586510E+3	2.603666666667E+2
1.043847507331E+3	2.585333333333E+2
1.043894428152E+3	2.575666666667E+2
1.043941348974E+3	2.599333333333E+2
1.043988269795E+3	2.598333333333E+2
1.044035190616E+3	2.603666666667E+2
1.044082111437E+3	2.604333333333E+2
1.044129032258E+3	2.629000000000E+2
1.044175953079E+3	2.629333333333E+2
1.044222873900E+3	2.602000000000E+2
1.044269794721E+3	2.615333333333E+2
1.044316715543E+3	2.616000000000E+2
1.044363636364E+3	2.618000000000E+2
1.044410557185E+3	2.623000000000E+2
1.044457478006E+3	2.653000000000E+2
1.044504398827E+3	2.662000000000E+2
1.044551319648E+3	2.660333333333E+2
1.044598240469E+3	2.680333333333E+2
1.044645161290E+3	2.677666666667E+2
1.044692082111E+3	2.697666666667E+2
1.044739002933E+3	2.685666666667E+2
1.044785923754E+3	2.717666666667E+2
1.044832844575E+3	2.701666666667E+2
1.044879765396E+3	2.710000000000E+2
1.044926686217E+3	2.729666666667E+2
1.044973607038E+3	2.708333333333E+2
1.045020527859E+3	2.728333333333E+2
1.045067448680E+3	2.770000000000E+2
1.045114369501E+3	2.738666666667E+2
1.045161290323E+3	2.766000000000E+2
1.045208211144E+3	2.773333333333E+2
1.045255131965E+3	2.787666666667E+2
1.045302052786E+3	2.790000000000E+2
1.045348973607E+3	2.813666666667E+2
1.045395894428E+3	2.845333333333E+2
1.045442815249E+3	2.832333333333E+2
1.045489736070E+3	2.829000000000E+2
1.045536656891E+3	2.834333333333E+2
1.045583577713E+3	2.841666666667E+2
1.045630498534E+3	2.851000000000E+2
1.045677419355E+3	2.867666666667E+2
1.045724340176E+3	2.885000000000E+2
1.045771260997E+3	2.883000000000E+2
1.045818181818E+3	2.899666666667E+2
1.045865102639E+3	2.908333333333E+2
1.045912023460E+3	2.942333333333E+2
1.045958944282E+3	2.944333333333E+2
1.046005865103E+3	2.997000000000E+2
1.046052785924E+3	2.988666666667E+2
1.046099706745E+3	2.998666666667E+2
1.046146627566E+3	3.011000000000E+2
1.046193548387E+3	3.013333333333E+2
1.046240469208E+3	3.016666666667E+2
1.046287390029E+3	3.017666666667E+2
1.046334310850E+3	3.053333333333E+2
1.046381231672E+3	3.051333333333E+2
1.046428152493E+3	3.054333333333E+2
1.046475073314E+3	3.077000000000E+2
1.046521994135E+3	3.091666666667E+2
1.046568914956E+3	3.110000000000E+2
1.046615835777E+3	3.161000000000E+2
1.046662756598E+3	3.154666666667E+2
1.046709677419E+3	3.189000000000E+2
1.046756598240E+3	3.181333333333E+2
1.046803519062E+3	3.207333333333E+2
1.046850439883E+3	3.203333333333E+2
1.046897360704E+3	3.224666666667E+2
1.046944281525E+3	3.271333333333E+2
1.046991202346E+3	3.259333333333E+2
1.047038123167E+3	3.264333333333E+2
1.047085043988E+3	3.280333333333E+2
1.047131964809E+3	3.300666666667E+2
1.047178885630E+3	3.290333333333E+2
1.047225806452E+3	3.311333333333E+2
1.047272727273E+3	3.356333333333E+2
1.047319648094E+3	3.359000000000E+2
1.047366568915E+3	3.364000000000E+2
1.047413489736E+3	3.391666666667E+2
1.047460410557E+3	3.421333333333E+2
1.047507331378E+3	3.419333333333E+2
1.047554252199E+3	3.460333333333E+2
1.047601173021E+3	3.437666666667E+2
1.047648093842E+3	3.456666666667E+2
1.047695014663E+3	3.471000000000E+2
1.047741935484E+3	3.472333333333E+2
1.047788856305E+3	3.491000000000E+2
1.047835777126E+3	3.504333333333E+2
1.047882697947E+3	3.547333333333E+2
1.047929618768E+3	3.527000000000E+2
1.047976539589E+3	3.532666666667E+2
1.048023460411E+3	3.558000000000E+2
1.048070381232E+3	3.568666666667E+2
1.048117302053E+3	3.575000000000E+2
1.048164222874E+3	3.623333333333E+2
1.048211143695E+3	3.617666666667E+2
1.048258064516E+3	3.632666666667E+2
1.048304985337E+3	3.622666666667E+2
1.048351906158E+3	3.614666666667E+2
1.048398826979E+3	3.596333333333E+2
1.048445747801E+3	3.600000000000E+2
1.048492668622E+3	3.640000000000E+2
1.048539589443E+3	3.604333333333E+2
1.048586510264E+3	3.619666666667E+2
1.048633431085E+3	3.630000000000E+2
1.048680351906E+3	3.637666666667E+2
1.048727272727E+3	3.644000000000E+2
1.048774193548E+3	3.641000000000E+2
1.048821114370E+3	3.685666666667E+2
1.048868035191E+3	3.642666666667E+2
1.048914956012E+3	3.654333333333E+2
1.048961876833E+3	3.651333333333E+2
1.049008797654E+3	3.653666666667E+2
1.049055718475E+3	3.651333333333E+2
1.049102639296E+3	3.649000000000E+2
1.049149560117E+3	3.610000000000E+2
1.049196480938E+3	3.579000000000E+2
1.049243401760E+3	3.564666666667E+2
1.049290322581E+3	3.554000000000E+2
1.049337243402E+3	3.551333333333E+2
1.049384164223E+3	3.549666666667E+2
1.049431085044E+3	3.539666666667E+2
1.049478005865E+3	3.513333333333E+2
1.049524926686E+3	3.494666666667E+2
1.049571847507E+3	3.479666666667E+2
1.049618768328E+3	3.464000000000E+2
1.049665689150E+3	3.440000000000E+2
1.049712609971E+3	3.438333333333E+2
1.049759530792E+3	3.369000000000E+2
1.049806451613E+3	3.344333333333E+2
1.049853372434E+3	3.320666666667E+2
1.049900293255E+3	3.311666666667E+2
1.049947214076E+3	3.286000000000E+2
1.049994134897E+3	3.232000000000E+2
1.050041055718E+3	3.242666666667E+2
1.050087976540E+3	3.156333333333E+2
1.050134897361E+3	3.124000000000E+2
1.050181818182E+3	3.103666666667E+2
1.050228739003E+3	3.065333333333E+2
1.050275659824E+3	3.045000000000E+2
1.050322580645E+3	3.020333333333E+2
1.050369501466E+3	2.940333333333E+2
1.050416422287E+3	2.909666666667E+2
1.050463343109E+3	2.849666666667E+2
1.050510263930E+3	2.819666666667E+2
1.050557184751E+3	2.776666666667E+2
1.050604105572E+3	2.742666666667E+2
1.050651026393E+3	2.700000000000E+2
1.050697947214E+3	2.595666666667E+2
1.050744868035E+3	2.563333333333E+2
1.050791788856E+3	2.527333333333E+2
1.050838709677E+3	2.481333333333E+2
1.050885630499E+3	2.452333333333E+2
1.050932551320E+3	2.424000000000E+2
1.050979472141E+3	2.316000000000E+2
1.051026392962E+3	2.283666666667E+2
1.051073313783E+3	2.224333333333E+2
1.051120234604E+3	2.180333333333E+2
1.051167155425E+3	2.121333333333E+2
1.051214076246E+3	2.082333333333E+2
1.051260997067E+3	2.032000000000E+2
1.051307917889E+3	1.920000000000E+2
1.051354838710E+3	1.866000000000E+2
1.051401759531E+3	1.835000000000E+2
1.051448680352E+3	1.787000000000E+2
1.051495601173E+3	1.741666666667E+2
1.051542521994E+3	1.704666666667E+2
1.051589442815E+3	1.605333333333E+2
1.051636363636E+3	1.549000000000E+2
1.051683284457E+3	1.521000000000E+2
1.051730205279E+3	1.473000000000E+2
1.051777126100E+3	1.425000000000E+2
1.051824046921E+3	1.380333333333E+2
1.051870967742E+3	1.340000000000E+2
1.051917888563E+3	1.260666666667E+2
1.051964809384E+3	1.209333333333E+2
1.052011730205E+3	1.165666666667E+2
1.052058651026E+3	1.116666666667E+2
1.052105571848E+3	1.087666666667E+2
1.052152492669E+3	1.069666666667E+2
1.052199413490E+3	9.756666666667E+1
1.052246334311E+3	9.350000000000E+1
1.052293255132E+3	9.000000000000E+1
1.052340175953E+3	8.733333333333E+1
1.052387096774E+3	8.416666666667E+1
1.052434017595E+3	8.150000000000E+1
1.052480938416E+3	7.476666666667E+1
1.052527859238E+3	7.066666666667E+1
1.052574780059E+3	6.750000000000E+1
1.052621700880E+3	6.680000000000E+1
1.052668621701E+3	6.323333333333E+1
1.052715542522E+3	5.980000000000E+1
1.052762463343E+3	5.926666666667E+1
1.052809384164E+3	5.356666666667E+1
1.052856304985E+3	5.030000000000E+1
1.052903225806E+3	4.850000000000E+1
1.052950146628E+3	4.643333333333E+1
1.052997067449E+3	4.610000000000E+1
1.053043988270E+3	4.496666666667E+1
1.053090909091E+3	3.936666666667E+1
1.053137829912E+3	3.916666666667E+1
1.053184750733E+3	3.663333333333E+1
1.053231671554E+3	3.596666666667E+1
1.053278592375E+3	3.426666666667E+1
1.053325513196E+3	3.353333333333E+1
1.053372434018E+3	3.286666666667E+1
1.053419354839E+3	2.816666666667E+1
1.053466275660E+3	2.763333333333E+1
1.053513196481E+3	2.746666666667E+1
1.053560117302E+3	2.536666666667E+1
1.053607038123E+3	2.423333333333E+1
1.053653958944E+3	2.700000000000E+1
1.053700879765E+3	2.223333333333E+1
1.053747800587E+3	2.286666666667E+1
1.053794721408E+3	2.093333333333E+1
1.053841642229E+3	2.093333333333E+1
1.053888563050E+3	1.896666666667E+1
1.053935483871E+3	1.886666666667E+1
1.053982404692E+3	2.083333333333E+1
1.054029325513E+3	1.693333333333E+1
1.054076246334E+3	1.673333333333E+1
1.054123167155E+3	1.456666666667E+1
1.054170087977E+3	1.516666666667E+1
1.054217008798E+3	1.553333333333E+1
1.054263929619E+3	1.653333333333E+1
1.054310850440E+3	1.380000000000E+1
1.054357771261E+3	1.450000000000E+1
1.054404692082E+3	1.336666666667E+1
1.054451612903E+3	1.340000000000E+1
1.054498533724E+3	1.213333333333E+1
1.054545454545E+3	1.530000000000E+1
1.054592375367E+3	1.183333333333E+1
1.054639296188E+3	1.196666666667E+1
1.054686217009E+3	1.173333333333E+1
1.054733137830E+3	1.046666666667E+1
1.054780058651E+3	1.073333333333E+1
1.054826979472E+3	1.036666666667E+1
1.054873900293E+3	1.153333333333E+1
1.054920821114E+3	1.063333333333E+1
1.054967741935E+3	9.500000000000E+0
1.055014662757E+3	1.073333333333E+1
1.055061583578E+3	9.133333333333E+0
1.055108504399E+3	8.533333333333E+0
1.055155425220E+3	1.060000000000E+1
1.055202346041E+3	8.333333333333E+0
1.055249266862E+3	8.300000000000E+0
1.055296187683E+3	7.133333333333E+0
1.055343108504E+3	8.166666666667E+0
1.055390029326E+3	7.166666666667E+0
1.055436950147E+3	9.266666666667E+0
1.055483870968E+3	7.166666666667E+0
1.055530791789E+3	7.466666666667E+0
1.055577712610E+3	7.033333333333E+0
1.055624633431E+3	7.433333333333E+0
1.055671554252E+3	6.933333333333E+0
1.055718475073E+3	6.233333333333E+0
1.055765395894E+3	8.900000000000E+0
1.055812316716E+3	6.566666666667E+0
1.055859237537E+3	5.100000000000E+0
1.055906158358E+3	5.400000000000E+0
1.055953079179E+3	5.700000000000E+0
1.056000000000E+3	6.766666666667E+0
