Wavelength	Intensity
5.000000000000E+2	3.266666666667E+0
5.000586510264E+2	3.500000000000E+0
5.001173020528E+2	2.533333333333E+0
5.001759530792E+2	2.066666666667E+0
5.002346041056E+2	3.300000000000E+0
5.002932551320E+2	4.400000000000E+0
5.003519061584E+2	2.800000000000E+0
5.004105571848E+2	3.366666666667E+0
5.004692082111E+2	1.866666666667E+0
5.005278592375E+2	4.166666666667E+0
5.005865102639E+2	3.233333333333E+0
5.006451612903E+2	4.366666666667E+0
5.007038123167E+2	2.700000000000E+0
5.007624633431E+2	2.500000000000E+0
5.008211143695E+2	3.333333333333E+0
5.008797653959E+2	1.566666666667E+0
5.009384164223E+2	4.566666666667E+0
5.009970674487E+2	2.766666666667E+0
5.010557184751E+2	2.800000000000E+0
5.011143695015E+2	2.500000000000E+0
5.011730205279E+2	2.033333333333E+0
5.012316715543E+2	2.866666666667E+0
5.012903225806E+2	4.466666666667E+0
5.013489736070E+2	2.200000000000E+0
5.014076246334E+2	1.966666666667E+0
5.014662756598E+2	1.833333333333E+0
5.015249266862E+2	3.100000000000E+0
5.015835777126E+2	2.133333333333E+0
5.016422287390E+2	4.366666666667E+0
5.017008797654E+2	3.700000000000E+0
5.017595307918E+2	2.500000000000E+0
5.018181818182E+2	2.566666666667E+0
5.018768328446E+2	1.933333333333E+0
5.019354838710E+2	4.633333333333E+0
5.019941348974E+2	3.166666666667E+0
5.020527859238E+2	2.966666666667E+0
5.021114369501E+2	3.033333333333E+0
5.021700879765E+2	2.366666666667E+0
5.022287390029E+2	3.133333333333E+0
5.022873900293E+2	3.766666666667E+0
5.023460410557E+2	2.266666666667E+0
5.024046920821E+2	2.300000000000E+0
5.024633431085E+2	2.233333333333E+0
5.025219941349E+2	2.833333333333E+0
5.025806451613E+2	2.400000000000E+0
5.026392961877E+2	4.133333333333E+0
5.026979472141E+2	3.066666666667E+0
5.027565982405E+2	3.133333333333E+0
5.028152492669E+2	3.200000000000E+0
5.028739002933E+2	2.333333333333E+0
5.029325513196E+2	3.366666666667E+0
5.029912023460E+2	4.633333333333E+0
5.030498533724E+2	1.533333333333E+0
5.031085043988E+2	2.900000000000E+0
5.031671554252E+2	1.800000000000E+0
5.032258064516E+2	4.133333333333E+0
5.032844574780E+2	6.000000000000E+0
5.033431085044E+2	2.966666666667E+0
5.034017595308E+2	2.733333333333E+0
5.034604105572E+2	1.933333333333E+0
5.035190615836E+2	3.100000000000E+0
5.035777126100E+2	2.966666666667E+0
5.036363636364E+2	4.700000000000E+0
5.036950146628E+2	3.433333333333E+0
5.037536656891E+2	2.033333333333E+0
5.038123167155E+2	3.200000000000E+0
5.038709677419E+2	3.166666666667E+0
5.039296187683E+2	2.200000000000E+0
5.039882697947E+2	4.100000000000E+0
5.040469208211E+2	2.466666666667E+0
5.041055718475E+2	2.866666666667E+0
5.041642228739E+2	2.700000000000E+0
5.042228739003E+2	2.800000000000E+0
5.042815249267E+2	5.066666666667E+0
5.043401759531E+2	2.233333333333E+0
5.043988269795E+2	3.166666666667E+0
5.044574780059E+2	1.933333333333E+0
5.045161290323E+2	2.166666666667E+0
5.045747800587E+2	3.366666666667E+0
5.046334310850E+2	5.366666666667E+0
5.046920821114E+2	3.266666666667E+0
5.047507331378E+2	2.100000000000E+0
5.048093841642E+2	3.100000000000E+0
5.048680351906E+2	2.600000000000E+0
5.049266862170E+2	2.866666666667E+0
5.049853372434E+2	3.866666666667E+0
5.050439882698E+2	2.800000000000E+0
5.051026392962E+2	3.466666666667E+0
5.051612903226E+2	2.833333333333E+0
5.052199413490E+2	2.700000000000E+0
5.052785923754E+2	4.333333333333E+0
5.053372434018E+2	2.833333333333E+0
5.053958944282E+2	3.366666666667E+0
5.054545454545E+2	2.666666666667E+0
5.055131964809E+2	2.733333333333E+0
5.055718475073E+2	1.933333333333E+0
5.056304985337E+2	4.833333333333E+0
5.056891495601E+2	3.433333333333E+0
5.057478005865E+2	2.566666666667E+0
5.058064516129E+2	3.233333333333E+0
5.058651026393E+2	3.366666666667E+0
5.059237536657E+2	3.466666666667E+0
5.059824046921E+2	5.466666666667E+0
5.060410557185E+2	3.433333333333E+0
5.060997067449E+2	4.266666666667E+0
5.061583577713E+2	4.000000000000E+0
5.062170087977E+2	4.066666666667E+0
5.062756598240E+2	4.066666666667E+0
5.063343108504E+2	6.266666666667E+0
5.063929618768E+2	3.800000000000E+0
5.064516129032E+2	2.800000000000E+0
5.065102639296E+2	4.666666666667E+0
5.065689149560E+2	4.733333333333E+0
5.066275659824E+2	7.300000000000E+0
5.066862170088E+2	5.100000000000E+0
5.067448680352E+2	6.033333333333E+0
5.068035190616E+2	7.366666666667E+0
5.068621700880E+2	6.300000000000E+0
5.069208211144E+2	6.133333333333E+0
5.069794721408E+2	1.036666666667E+1
5.070381231672E+2	6.533333333333E+0
5.070967741935E+2	7.766666666667E+0
5.071554252199E+2	6.533333333333E+0
5.072140762463E+2	8.366666666667E+0
5.072727272727E+2	8.266666666667E+0
5.073313782991E+2	1.030000000000E+1
5.073900293255E+2	9.733333333333E+0
5.074486803519E+2	9.533333333333E+0
5.075073313783E+2	8.333333333333E+0
5.075659824047E+2	9.033333333333E+0
5.076246334311E+2	1.233333333333E+1
5.076832844575E+2	1.090000000000E+1
5.077419354839E+2	1.063333333333E+1
5.078005865103E+2	1.083333333333E+1
5.078592375367E+2	1.133333333333E+1
5.079178885630E+2	1.150000000000E+1
5.079765395894E+2	1.313333333333E+1
5.080351906158E+2	1.233333333333E+1
5.080938416422E+2	1.210000000000E+1
5.081524926686E+2	1.280000000000E+1
5.082111436950E+2	1.216666666667E+1
5.082697947214E+2	1.396666666667E+1
5.083284457478E+2	1.603333333333E+1
5.083870967742E+2	1.400000000000E+1
5.084457478006E+2	1.350000000000E+1
5.085043988270E+2	1.406666666667E+1
5.085630498534E+2	1.676666666667E+1
5.086217008798E+2	1.870000000000E+1
5.086803519062E+2	1.640000000000E+1
5.087390029326E+2	1.683333333333E+1
5.087976539589E+2	1.693333333333E+1
5.088563049853E+2	1.783333333333E+1
5.089149560117E+2	1.843333333333E+1
5.089736070381E+2	2.146666666667E+1
5.090322580645E+2	1.960000000000E+1
5.090909090909E+2	2.096666666667E+1
5.091495601173E+2	2.110000000000E+1
5.092082111437E+2	2.200000000000E+1
5.092668621701E+2	2.180000000000E+1
5.093255131965E+2	2.346666666667E+1
5.093841642229E+2	2.303333333333E+1
5.094428152493E+2	2.466666666667E+1
5.095014662757E+2	2.466666666667E+1
5.095601173021E+2	2.503333333333E+1
5.096187683284E+2	2.886666666667E+1
5.096774193548E+2	2.660000000000E+1
5.097360703812E+2	2.920000000000E+1
5.097947214076E+2	2.853333333333E+1
5.098533724340E+2	3.046666666667E+1
5.099120234604E+2	3.036666666667E+1
5.099706744868E+2	3.520000000000E+1
5.100293255132E+2	3.500000000000E+1
5.100879765396E+2	3.403333333333E+1
5.101466275660E+2	3.563333333333E+1
5.102052785924E+2	3.660000000000E+1
5.102639296188E+2	3.840000000000E+1
5.103225806452E+2	4.120000000000E+1
5.103812316716E+2	4.130000000000E+1
5.104398826979E+2	4.316666666667E+1
5.104985337243E+2	4.413333333333E+1
5.105571847507E+2	4.483333333333E+1
5.106158357771E+2	4.880000000000E+1
5.106744868035E+2	4.806666666667E+1
5.107331378299E+2	4.836666666667E+1
5.107917888563E+2	5.003333333333E+1
5.108504398827E+2	5.130000000000E+1
5.109090909091E+2	5.130000000000E+1
5.109677419355E+2	5.743333333333E+1
5.110263929619E+2	5.586666666667E+1
5.110850439883E+2	5.680000000000E+1
5.111436950147E+2	5.730000000000E+1
5.112023460411E+2	5.920000000000E+1
5.112609970674E+2	6.180000000000E+1
5.113196480938E+2	6.100000000000E+1
5.113782991202E+2	6.183333333333E+1
5.114369501466E+2	6.170000000000E+1
5.114956011730E+2	6.156666666667E+1
5.115542521994E+2	6.450000000000E+1
5.116129032258E+2	6.466666666667E+1
5.116715542522E+2	6.360000000000E+1
5.117302052786E+2	6.160000000000E+1
5.117888563050E+2	6.210000000000E+1
5.118475073314E+2	6.183333333333E+1
5.119061583578E+2	6.156666666667E+1
5.119648093842E+2	6.066666666667E+1
5.120234604106E+2	5.713333333333E+1
5.120821114370E+2	5.550000000000E+1
5.121407624633E+2	5.440000000000E+1
5.121994134897E+2	5.326666666667E+1
5.122580645161E+2	5.243333333333E+1
5.123167155425E+2	4.660000000000E+1
5.123753665689E+2	4.303333333333E+1
5.124340175953E+2	4.193333333333E+1
5.124926686217E+2	3.913333333333E+1
5.125513196481E+2	3.643333333333E+1
5.126099706745E+2	3.410000000000E+1
5.126686217009E+2	2.720000000000E+1
5.127272727273E+2	2.536666666667E+1
5.127859237537E+2	2.290000000000E+1
5.128445747801E+2	2.003333333333E+1
5.129032258065E+2	1.750000000000E+1
5.129618768328E+2	1.720000000000E+1
5.130205278592E+2	1.076666666667E+1
5.130791788856E+2	9.833333333333E+0
5.131378299120E+2	8.933333333333E+0
5.131964809384E+2	6.866666666667E+0
5.132551319648E+2	6.800000000000E+0
5.133137829912E+2	4.633333333333E+0
5.133724340176E+2	3.866666666667E+0
5.134310850440E+2	3.966666666667E+0
5.134897360704E+2	3.966666666667E+0
5.135483870968E+2	5.333333333333E+0
5.136070381232E+2	8.966666666667E+0
5.136656891496E+2	8.033333333333E+0
5.137243401760E+2	1.160000000000E+1
5.137829912023E+2	1.266666666667E+1
5.138416422287E+2	1.560000000000E+1
5.139002932551E+2	1.640000000000E+1
5.139589442815E+2	2.253333333333E+1
5.140175953079E+2	2.336666666667E+1
5.140762463343E+2	2.526666666667E+1
5.141348973607E+2	2.616666666667E+1
5.141935483871E+2	2.806666666667E+1
5.142521994135E+2	3.326666666667E+1
5.143108504399E+2	3.323333333333E+1
5.143695014663E+2	3.286666666667E+1
5.144281524927E+2	3.426666666667E+1
5.144868035191E+2	3.533333333333E+1
5.145454545455E+2	3.383333333333E+1
5.146041055718E+2	3.696666666667E+1
5.146627565982E+2	3.260000000000E+1
5.147214076246E+2	3.300000000000E+1
5.147800586510E+2	3.096666666667E+1
5.148387096774E+2	2.896666666667E+1
5.148973607038E+2	2.923333333333E+1
5.149560117302E+2	2.216666666667E+1
5.150146627566E+2	2.233333333333E+1
5.150733137830E+2	2.000000000000E+1
5.151319648094E+2	1.830000000000E+1
5.151906158358E+2	1.570000000000E+1
5.152492668622E+2	1.580000000000E+1
5.153079178886E+2	1.066666666667E+1
5.153665689150E+2	8.100000000000E+0
5.154252199413E+2	9.000000000000E+0
5.154838709677E+2	6.233333333333E+0
5.155425219941E+2	5.400000000000E+0
5.156011730205E+2	7.400000000000E+0
5.156598240469E+2	3.800000000000E+0
5.157184750733E+2	4.633333333333E+0
5.157771260997E+2	3.366666666667E+0
5.158357771261E+2	2.966666666667E+0
5.158944281525E+2	4.300000000000E+0
5.159530791789E+2	2.566666666667E+0
5.160117302053E+2	3.366666666667E+0
5.160703812317E+2	3.000000000000E+0
5.161290322581E+2	3.366666666667E+0
5.161876832845E+2	2.833333333333E+0
5.162463343109E+2	4.933333333333E+0
5.163049853372E+2	3.300000000000E+0
5.163636363636E+2	3.200000000000E+0
5.164222873900E+2	5.033333333333E+0
5.164809384164E+2	5.233333333333E+0
5.165395894428E+2	5.866666666667E+0
5.165982404692E+2	5.433333333333E+0
5.166568914956E+2	4.766666666667E+0
5.167155425220E+2	4.833333333333E+0
5.167741935484E+2	5.166666666667E+0
5.168328445748E+2	5.300000000000E+0
5.168914956012E+2	8.433333333333E+0
5.169501466276E+2	6.200000000000E+0
5.170087976540E+2	8.666666666667E+0
5.170674486804E+2	6.466666666667E+0
5.171260997067E+2	6.133333333333E+0
5.171847507331E+2	7.133333333333E+0
5.172434017595E+2	8.400000000000E+0
5.173020527859E+2	7.866666666667E+0
5.173607038123E+2	7.233333333333E+0
5.174193548387E+2	9.800000000000E+0
5.174780058651E+2	8.366666666667E+0
5.175366568915E+2	1.216666666667E+1
5.175953079179E+2	1.060000000000E+1
5.176539589443E+2	8.533333333333E+0
5.177126099707E+2	9.066666666667E+0
5.177712609971E+2	9.300000000000E+0
5.178299120235E+2	9.933333333333E+0
5.178885630499E+2	1.240000000000E+1
5.179472140762E+2	1.050000000000E+1
5.180058651026E+2	1.100000000000E+1
5.180645161290E+2	1.013333333333E+1
5.181231671554E+2	9.466666666667E+0
5.181818181818E+2	1.340000000000E+1
5.182404692082E+2	8.400000000000E+0
5.182991202346E+2	1.083333333333E+1
5.183577712610E+2	8.966666666667E+0
5.184164222874E+2	9.666666666667E+0
5.184750733138E+2	9.700000000000E+0
5.185337243402E+2	1.163333333333E+1
5.185923753666E+2	8.833333333333E+0
5.186510263930E+2	6.733333333333E+0
5.187096774194E+2	9.000000000000E+0
5.187683284457E+2	6.666666666667E+0
5.188269794721E+2	6.933333333333E+0
5.188856304985E+2	8.233333333333E+0
5.189442815249E+2	5.800000000000E+0
5.190029325513E+2	6.466666666667E+0
5.190615835777E+2	4.733333333333E+0
5.191202346041E+2	4.866666666667E+0
5.191788856305E+2	7.400000000000E+0
5.192375366569E+2	4.066666666667E+0
5.192961876833E+2	4.266666666667E+0
5.193548387097E+2	4.433333333333E+0
5.194134897361E+2	4.566666666667E+0
5.194721407625E+2	3.500000000000E+0
5.195307917889E+2	5.733333333333E+0
5.195894428152E+2	4.166666666667E+0
5.196480938416E+2	3.800000000000E+0
5.197067448680E+2	5.900000000000E+0
5.197653958944E+2	3.633333333333E+0
5.198240469208E+2	5.900000000000E+0
5.198826979472E+2	4.000000000000E+0
5.199413489736E+2	5.933333333333E+0
5.200000000000E+2	4.800000000000E+0
5.200586510264E+2	6.000000000000E+0
5.201173020528E+2	5.833333333333E+0
5.201759530792E+2	8.933333333333E+0
5.202346041056E+2	6.466666666667E+0
5.202932551320E+2	9.166666666667E+0
5.203519061584E+2	7.866666666667E+0
5.204105571848E+2	9.133333333333E+0
5.204692082111E+2	1.283333333333E+1
5.205278592375E+2	1.050000000000E+1
5.205865102639E+2	1.216666666667E+1
5.206451612903E+2	1.173333333333E+1
5.207038123167E+2	1.473333333333E+1
5.207624633431E+2	1.343333333333E+1
5.208211143695E+2	1.696666666667E+1
5.208797653959E+2	1.546666666667E+1
5.209384164223E+2	1.380000000000E+1
5.209970674487E+2	1.723333333333E+1
5.210557184751E+2	1.660000000000E+1
5.211143695015E+2	1.826666666667E+1
5.211730205279E+2	2.043333333333E+1
5.212316715543E+2	1.793333333333E+1
5.212903225806E+2	2.006666666667E+1
5.213489736070E+2	1.843333333333E+1
5.214076246334E+2	1.973333333333E+1
5.214662756598E+2	2.296666666667E+1
5.215249266862E+2	1.973333333333E+1
5.215835777126E+2	2.053333333333E+1
5.216422287390E+2	1.906666666667E+1
5.217008797654E+2	2.100000000000E+1
5.217595307918E+2	1.943333333333E+1
5.218181818182E+2	2.416666666667E+1
5.218768328446E+2	2.153333333333E+1
5.219354838710E+2	1.983333333333E+1
5.219941348974E+2	2.133333333333E+1
5.220527859238E+2	1.936666666667E+1
5.221114369501E+2	2.210000000000E+1
5.221700879765E+2	1.923333333333E+1
5.222287390029E+2	1.876666666667E+1
5.222873900293E+2	2.033333333333E+1
5.223460410557E+2	1.820000000000E+1
5.224046920821E+2	1.933333333333E+1
5.224633431085E+2	2.020000000000E+1
5.225219941349E+2	1.716666666667E+1
5.225806451613E+2	1.823333333333E+1
5.226392961877E+2	1.490000000000E+1
5.226979472141E+2	1.736666666667E+1
5.227565982405E+2	1.853333333333E+1
5.228152492669E+2	1.596666666667E+1
5.228739002933E+2	1.420000000000E+1
5.229325513196E+2	1.430000000000E+1
5.229912023460E+2	1.573333333333E+1
5.230498533724E+2	1.386666666667E+1
5.231085043988E+2	1.606666666667E+1
5.231671554252E+2	1.420000000000E+1
5.232258064516E+2	1.250000000000E+1
5.232844574780E+2	1.226666666667E+1
5.233431085044E+2	1.126666666667E+1
5.234017595308E+2	1.183333333333E+1
5.234604105572E+2	1.443333333333E+1
5.235190615836E+2	1.136666666667E+1
5.235777126100E+2	1.033333333333E+1
5.236363636364E+2	1.153333333333E+1
5.236950146628E+2	1.076666666667E+1
5.237536656891E+2	1.193333333333E+1
5.238123167155E+2	8.700000000000E+0
5.238709677419E+2	8.266666666667E+0
5.239296187683E+2	9.033333333333E+0
5.239882697947E+2	8.633333333333E+0
5.240469208211E+2	8.233333333333E+0
5.241055718475E+2	1.023333333333E+1
5.241642228739E+2	7.300000000000E+0
5.242228739003E+2	7.233333333333E+0
5.242815249267E+2	7.000000000000E+0
5.243401759531E+2	7.500000000000E+0
5.243988269795E+2	8.533333333333E+0
5.244574780059E+2	6.533333333333E+0
5.245161290323E+2	5.033333333333E+0
5.245747800587E+2	5.833333333333E+0
5.246334310850E+2	4.900000000000E+0
5.246920821114E+2	4.433333333333E+0
5.247507331378E+2	7.066666666667E+0
5.248093841642E+2	4.733333333333E+0
5.248680351906E+2	3.900000000000E+0
5.249266862170E+2	3.633333333333E+0
5.249853372434E+2	4.166666666667E+0
5.250439882698E+2	5.133333333333E+0
5.251026392962E+2	3.566666666667E+0
5.251612903226E+2	3.833333333333E+0
5.252199413490E+2	3.766666666667E+0
5.252785923754E+2	2.766666666667E+0
5.253372434018E+2	3.800000000000E+0
5.253958944282E+2	4.800000000000E+0
5.254545454545E+2	2.900000000000E+0
5.255131964809E+2	3.033333333333E+0
5.255718475073E+2	3.766666666667E+0
5.256304985337E+2	3.066666666667E+0
5.256891495601E+2	4.400000000000E+0
5.257478005865E+2	3.166666666667E+0
5.258064516129E+2	3.300000000000E+0
5.258651026393E+2	3.166666666667E+0
5.259237536657E+2	3.000000000000E+0
5.259824046921E+2	3.433333333333E+0
5.260410557185E+2	4.133333333333E+0
5.260997067449E+2	2.800000000000E+0
5.261583577713E+2	4.000000000000E+0
5.262170087977E+2	2.533333333333E+0
5.262756598240E+2	3.133333333333E+0
5.263343108504E+2	5.066666666667E+0
5.263929618768E+2	2.800000000000E+0
5.264516129032E+2	3.300000000000E+0
5.265102639296E+2	2.433333333333E+0
5.265689149560E+2	3.333333333333E+0
5.266275659824E+2	3.400000000000E+0
5.266862170088E+2	4.100000000000E+0
5.267448680352E+2	2.900000000000E+0
5.268035190616E+2	2.300000000000E+0
5.268621700880E+2	3.033333333333E+0
5.269208211144E+2	4.066666666667E+0
5.269794721408E+2	4.366666666667E+0
5.270381231672E+2	3.666666666667E+0
5.270967741935E+2	3.233333333333E+0
5.271554252199E+2	2.733333333333E+0
5.272140762463E+2	3.700000000000E+0
5.272727272727E+2	3.166666666667E+0
5.273313782991E+2	3.533333333333E+0
5.273900293255E+2	1.566666666667E+0
5.274486803519E+2	3.066666666667E+0
5.275073313783E+2	3.500000000000E+0
5.275659824047E+2	2.866666666667E+0
5.276246334311E+2	4.500000000000E+0
5.276832844575E+2	2.633333333333E+0
5.277419354839E+2	3.566666666667E+0
5.278005865103E+2	3.600000000000E+0
5.278592375367E+2	2.833333333333E+0
5.279178885630E+2	3.600000000000E+0
5.279765395894E+2	3.500000000000E+0
5.280351906158E+2	2.900000000000E+0
5.280938416422E+2	3.366666666667E+0
5.281524926686E+2	2.966666666667E+0
5.282111436950E+2	2.500000000000E+0
5.282697947214E+2	4.000000000000E+0
5.283284457478E+2	2.933333333333E+0
5.283870967742E+2	3.200000000000E+0
5.284457478006E+2	2.300000000000E+0
5.285043988270E+2	3.400000000000E+0
5.285630498534E+2	2.133333333333E+0
5.286217008798E+2	4.966666666667E+0
5.286803519062E+2	2.066666666667E+0
5.287390029326E+2	2.433333333333E+0
5.287976539589E+2	2.700000000000E+0
5.288563049853E+2	2.933333333333E+0
5.289149560117E+2	2.166666666667E+0
5.289736070381E+2	5.133333333333E+0
5.290322580645E+2	2.400000000000E+0
5.290909090909E+2	2.866666666667E+0
5.291495601173E+2	2.733333333333E+0
5.292082111437E+2	2.233333333333E+0
5.292668621701E+2	3.733333333333E+0
5.293255131965E+2	3.133333333333E+0
5.293841642229E+2	3.666666666667E+0
5.294428152493E+2	4.166666666667E+0
5.295014662757E+2	2.966666666667E+0
5.295601173021E+2	2.366666666667E+0
5.296187683284E+2	4.600000000000E+0
5.296774193548E+2	2.733333333333E+0
5.297360703812E+2	2.833333333333E+0
5.297947214076E+2	2.166666666667E+0
5.298533724340E+2	2.066666666667E+0
5.299120234604E+2	5.433333333333E+0
5.299706744868E+2	2.400000000000E+0
5.300293255132E+2	2.366666666667E+0
5.300879765396E+2	3.566666666667E+0
5.301466275660E+2	3.000000000000E+0
5.302052785924E+2	2.933333333333E+0
5.302639296188E+2	5.566666666667E+0
5.303225806452E+2	2.766666666667E+0
5.303812316716E+2	3.500000000000E+0
5.304398826979E+2	3.100000000000E+0
5.304985337243E+2	3.033333333333E+0
5.305571847507E+2	4.366666666667E+0
5.306158357771E+2	3.466666666667E+0
5.306744868035E+2	1.600000000000E+0
5.307331378299E+2	2.900000000000E+0
5.307917888563E+2	2.300000000000E+0
5.308504398827E+2	3.433333333333E+0
5.309090909091E+2	4.800000000000E+0
5.309677419355E+2	3.700000000000E+0
5.310263929619E+2	2.566666666667E+0
5.310850439883E+2	1.700000000000E+0
5.311436950147E+2	2.633333333333E+0
5.312023460411E+2	4.733333333333E+0
5.312609970674E+2	2.433333333333E+0
5.313196480938E+2	2.233333333333E+0
5.313782991202E+2	3.300000000000E+0
5.314369501466E+2	3.133333333333E+0
5.314956011730E+2	4.100000000000E+0
5.315542521994E+2	2.733333333333E+0
5.316129032258E+2	3.566666666667E+0
5.316715542522E+2	3.733333333333E+0
5.317302052786E+2	2.566666666667E+0
5.317888563050E+2	2.633333333333E+0
5.318475073314E+2	4.033333333333E+0
5.319061583578E+2	3.433333333333E+0
5.319648093842E+2	3.133333333333E+0
5.320234604106E+2	2.333333333333E+0
5.320821114370E+2	3.700000000000E+0
5.321407624633E+2	3.166666666667E+0
5.321994134897E+2	1.866666666667E+0
5.322580645161E+2	2.166666666667E+0
5.323167155425E+2	2.600000000000E+0
5.323753665689E+2	2.833333333333E+0
5.324340175953E+2	1.766666666667E+0
5.324926686217E+2	3.800000000000E+0
5.325513196481E+2	3.600000000000E+0
5.326099706745E+2	2.366666666667E+0
5.326686217009E+2	3.033333333333E+0
5.327272727273E+2	1.100000000000E+0
5.327859237537E+2	3.800000000000E+0
5.328445747801E+2	1.366666666667E+0
5.329032258065E+2	3.600000000000E+0
5.329618768328E+2	2.900000000000E+0
5.330205278592E+2	2.600000000000E+0
5.330791788856E+2	1.833333333333E+0
5.331378299120E+2	4.466666666667E+0
5.331964809384E+2	1.666666666667E+0
5.332551319648E+2	3.700000000000E+0
5.333137829912E+2	2.600000000000E+0
5.333724340176E+2	2.633333333333E+0
5.334310850440E+2	4.600000000000E+0
5.334897360704E+2	2.533333333333E+0
5.335483870968E+2	2.033333333333E+0
5.336070381232E+2	2.500000000000E+0
5.336656891496E+2	2.666666666667E+0
5.337243401760E+2	2.166666666667E+0
5.337829912023E+2	5.266666666667E+0
5.338416422287E+2	2.633333333333E+0
5.339002932551E+2	2.566666666667E+0
5.339589442815E+2	2.266666666667E+0
5.340175953079E+2	2.066666666667E+0
5.340762463343E+2	5.433333333333E+0
5.341348973607E+2	3.333333333333E+0
5.341935483871E+2	3.566666666667E+0
5.342521994135E+2	2.566666666667E+0
5.343108504399E+2	2.200000000000E+0
5.343695014663E+2	2.966666666667E+0
5.344281524927E+2	4.333333333333E+0
5.344868035191E+2	3.300000000000E+0
5.345454545455E+2	2.400000000000E+0
5.346041055718E+2	2.300000000000E+0
5.346627565982E+2	3.000000000000E+0
5.347214076246E+2	3.733333333333E+0
5.347800586510E+2	3.666666666667E+0
5.348387096774E+2	2.933333333333E+0
5.348973607038E+2	2.900000000000E+0
5.349560117302E+2	3.900000000000E+0
5.350146627566E+2	2.333333333333E+0
5.350733137830E+2	4.733333333333E+0
5.351319648094E+2	3.766666666667E+0
5.351906158358E+2	2.700000000000E+0
5.352492668622E+2	3.033333333333E+0
5.353079178886E+2	1.866666666667E+0
5.353665689150E+2	4.366666666667E+0
5.354252199413E+2	3.666666666667E+0
5.354838709677E+2	3.066666666667E+0
5.355425219941E+2	3.000000000000E+0
5.356011730205E+2	2.700000000000E+0
5.356598240469E+2	2.966666666667E+0
5.357184750733E+2	4.133333333333E+0
5.357771260997E+2	1.866666666667E+0
5.358357771261E+2	2.933333333333E+0
5.358944281525E+2	2.333333333333E+0
5.359530791789E+2	2.233333333333E+0
5.360117302053E+2	4.466666666667E+0
5.360703812317E+2	2.166666666667E+0
5.361290322581E+2	2.966666666667E+0
5.361876832845E+2	2.500000000000E+0
5.362463343109E+2	3.000000000000E+0
5.363049853372E+2	2.266666666667E+0
5.363636363636E+2	4.166666666667E+0
5.364222873900E+2	3.500000000000E+0
5.364809384164E+2	2.633333333333E+0
5.365395894428E+2	2.366666666667E+0
5.365982404692E+2	2.033333333333E+0
5.366568914956E+2	3.866666666667E+0
5.367155425220E+2	2.666666666667E+0
5.367741935484E+2	2.400000000000E+0
5.368328445748E+2	2.200000000000E+0
5.368914956012E+2	2.566666666667E+0
5.369501466276E+2	4.133333333333E+0
5.370087976540E+2	3.266666666667E+0
5.370674486804E+2	1.800000000000E+0
5.371260997067E+2	2.833333333333E+0
5.371847507331E+2	2.033333333333E+0
5.372434017595E+2	2.400000000000E+0
5.373020527859E+2	4.366666666667E+0
5.373607038123E+2	2.500000000000E+0
5.374193548387E+2	2.866666666667E+0
5.374780058651E+2	2.066666666667E+0
5.375366568915E+2	2.066666666667E+0
5.375953079179E+2	4.266666666667E+0
5.376539589443E+2	2.100000000000E+0
5.377126099707E+2	3.033333333333E+0
5.377712609971E+2	2.400000000000E+0
5.378299120235E+2	2.766666666667E+0
5.378885630499E+2	2.966666666667E+0
5.379472140762E+2	4.666666666667E+0
5.380058651026E+2	3.566666666667E+0
5.380645161290E+2	2.200000000000E+0
5.381231671554E+2	2.733333333333E+0
5.381818181818E+2	2.100000000000E+0
5.382404692082E+2	3.500000000000E+0
5.382991202346E+2	3.233333333333E+0
5.383577712610E+2	2.933333333333E+0
5.384164222874E+2	3.333333333333E+0
5.384750733138E+2	3.100000000000E+0
5.385337243402E+2	3.133333333333E+0
5.385923753666E+2	3.400000000000E+0
5.386510263930E+2	1.866666666667E+0
5.387096774194E+2	3.733333333333E+0
5.387683284457E+2	2.100000000000E+0
5.388269794721E+2	2.433333333333E+0
5.388856304985E+2	4.166666666667E+0
5.389442815249E+2	2.133333333333E+0
5.390029325513E+2	2.900000000000E+0
5.390615835777E+2	1.866666666667E+0
5.391202346041E+2	3.000000000000E+0
5.391788856305E+2	2.566666666667E+0
5.392375366569E+2	4.733333333333E+0
5.392961876833E+2	3.000000000000E+0
5.393548387097E+2	1.900000000000E+0
5.394134897361E+2	4.266666666667E+0
5.394721407625E+2	2.600000000000E+0
5.395307917889E+2	4.566666666667E+0
5.395894428152E+2	3.166666666667E+0
5.396480938416E+2	1.700000000000E+0
5.397067448680E+2	3.000000000000E+0
5.397653958944E+2	1.866666666667E+0
5.398240469208E+2	3.733333333333E+0
5.398826979472E+2	3.366666666667E+0
5.399413489736E+2	2.000000000000E+0
5.400000000000E+2	2.800000000000E+0
5.400586510264E+2	3.600000000000E+0
5.401173020528E+2	3.033333333333E+0
5.401759530792E+2	3.966666666667E+0
5.402346041056E+2	2.000000000000E+0
5.402932551320E+2	3.533333333333E+0
5.403519061584E+2	2.933333333333E+0
5.404105571848E+2	2.633333333333E+0
5.404692082111E+2	5.000000000000E+0
5.405278592375E+2	2.500000000000E+0
5.405865102639E+2	2.766666666667E+0
5.406451612903E+2	2.800000000000E+0
5.407038123167E+2	2.866666666667E+0
5.407624633431E+2	2.833333333333E+0
5.408211143695E+2	3.333333333333E+0
5.408797653959E+2	3.500000000000E+0
5.409384164223E+2	1.600000000000E+0
5.409970674487E+2	3.266666666667E+0
5.410557184751E+2	2.766666666667E+0
5.411143695015E+2	4.866666666667E+0
5.411730205279E+2	2.766666666667E+0
5.412316715543E+2	3.033333333333E+0
5.412903225806E+2	4.000000000000E+0
5.413489736070E+2	2.800000000000E+0
5.414076246334E+2	4.500000000000E+0
5.414662756598E+2	2.233333333333E+0
5.415249266862E+2	2.800000000000E+0
5.415835777126E+2	2.933333333333E+0
5.416422287390E+2	3.166666666667E+0
5.417008797654E+2	2.733333333333E+0
5.417595307918E+2	3.666666666667E+0
5.418181818182E+2	2.766666666667E+0
5.418768328446E+2	3.566666666667E+0
5.419354838710E+2	2.600000000000E+0
5.419941348974E+2	2.833333333333E+0
5.420527859238E+2	4.466666666667E+0
5.421114369501E+2	3.000000000000E+0
5.421700879765E+2	4.300000000000E+0
5.422287390029E+2	2.433333333333E+0
5.422873900293E+2	3.766666666667E+0
5.423460410557E+2	3.166666666667E+0
5.424046920821E+2	4.500000000000E+0
5.424633431085E+2	2.700000000000E+0
5.425219941349E+2	2.033333333333E+0
5.425806451613E+2	2.900000000000E+0
5.426392961877E+2	2.700000000000E+0
5.426979472141E+2	5.033333333333E+0
5.427565982405E+2	3.200000000000E+0
5.428152492669E+2	1.400000000000E+0
5.428739002933E+2	2.600000000000E+0
5.429325513196E+2	9.333333333333E-1
5.429912023460E+2	3.166666666667E+0
5.430498533724E+2	5.200000000000E+0
5.431085043988E+2	2.966666666667E+0
5.431671554252E+2	3.733333333333E+0
5.432258064516E+2	2.333333333333E+0
5.432844574780E+2	3.933333333333E+0
5.433431085044E+2	4.733333333333E+0
5.434017595308E+2	2.833333333333E+0
5.434604105572E+2	3.333333333333E+0
5.435190615836E+2	2.300000000000E+0
5.435777126100E+2	4.233333333333E+0
5.436363636364E+2	3.800000000000E+0
5.436950146628E+2	2.500000000000E+0
5.437536656891E+2	3.266666666667E+0
5.438123167155E+2	1.933333333333E+0
5.438709677419E+2	3.400000000000E+0
5.439296187683E+2	2.766666666667E+0
5.439882697947E+2	4.400000000000E+0
5.440469208211E+2	2.200000000000E+0
5.441055718475E+2	2.400000000000E+0
5.441642228739E+2	2.366666666667E+0
5.442228739003E+2	2.033333333333E+0
5.442815249267E+2	3.800000000000E+0
5.443401759531E+2	2.700000000000E+0
5.443988269795E+2	2.433333333333E+0
5.444574780059E+2	3.933333333333E+0
5.445161290323E+2	2.366666666667E+0
5.445747800587E+2	3.166666666667E+0
5.446334310850E+2	2.566666666667E+0
5.446920821114E+2	3.300000000000E+0
5.447507331378E+2	3.400000000000E+0
5.448093841642E+2	2.866666666667E+0
5.448680351906E+2	3.033333333333E+0
5.449266862170E+2	4.233333333333E+0
5.449853372434E+2	2.800000000000E+0
5.450439882698E+2	2.666666666667E+0
5.451026392962E+2	3.400000000000E+0
5.451612903226E+2	3.033333333333E+0
5.452199413490E+2	3.766666666667E+0
5.452785923754E+2	3.033333333333E+0
5.453372434018E+2	2.633333333333E+0
5.453958944282E+2	2.600000000000E+0
5.454545454545E+2	3.066666666667E+0
5.455131964809E+2	3.233333333333E+0
5.455718475073E+2	4.133333333333E+0
5.456304985337E+2	2.766666666667E+0
5.456891495601E+2	3.166666666667E+0
5.457478005865E+2	2.466666666667E+0
5.458064516129E+2	3.700000000000E+0
5.458651026393E+2	4.666666666667E+0
5.459237536657E+2	3.533333333333E+0
5.459824046921E+2	3.066666666667E+0
5.460410557185E+2	3.466666666667E+0
5.460997067449E+2	3.400000000000E+0
5.461583577713E+2	5.333333333333E+0
5.462170087977E+2	1.933333333333E+0
5.462756598240E+2	3.466666666667E+0
5.463343108504E+2	2.566666666667E+0
5.463929618768E+2	4.500000000000E+0
5.464516129032E+2	3.600000000000E+0
5.465102639296E+2	4.466666666667E+0
5.465689149560E+2	1.766666666667E+0
5.466275659824E+2	2.000000000000E+0
5.466862170088E+2	4.266666666667E+0
5.467448680352E+2	3.133333333333E+0
5.468035190616E+2	4.466666666667E+0
5.468621700880E+2	2.033333333333E+0
5.469208211144E+2	2.833333333333E+0
5.469794721408E+2	3.800000000000E+0
5.470381231672E+2	2.866666666667E+0
5.470967741935E+2	2.166666666667E+0
5.471554252199E+2	4.300000000000E+0
5.472140762463E+2	2.400000000000E+0
5.472727272727E+2	3.033333333333E+0
5.473313782991E+2	2.666666666667E+0
5.473900293255E+2	2.333333333333E+0
5.474486803519E+2	4.100000000000E+0
5.475073313783E+2	2.566666666667E+0
5.475659824047E+2	2.700000000000E+0
5.476246334311E+2	2.466666666667E+0
5.476832844575E+2	2.666666666667E+0
5.477419354839E+2	4.733333333333E+0
5.478005865103E+2	2.666666666667E+0
5.478592375367E+2	2.500000000000E+0
5.479178885630E+2	3.366666666667E+0
5.479765395894E+2	3.033333333333E+0
5.480351906158E+2	2.866666666667E+0
5.480938416422E+2	4.433333333333E+0
5.481524926686E+2	3.200000000000E+0
5.482111436950E+2	3.066666666667E+0
5.482697947214E+2	3.300000000000E+0
5.483284457478E+2	2.900000000000E+0
5.483870967742E+2	4.900000000000E+0
5.484457478006E+2	3.233333333333E+0
5.485043988270E+2	3.433333333333E+0
5.485630498534E+2	2.033333333333E+0
5.486217008798E+2	3.000000000000E+0
5.486803519062E+2	4.566666666667E+0
5.487390029326E+2	3.066666666667E+0
5.487976539589E+2	2.666666666667E+0
5.488563049853E+2	2.400000000000E+0
5.489149560117E+2	2.700000000000E+0
5.489736070381E+2	2.133333333333E+0
5.490322580645E+2	5.400000000000E+0
5.490909090909E+2	3.633333333333E+0
5.491495601173E+2	2.900000000000E+0
5.492082111437E+2	3.033333333333E+0
5.492668621701E+2	2.533333333333E+0
5.493255131965E+2	4.066666666667E+0
5.493841642229E+2	2.400000000000E+0
5.494428152493E+2	2.533333333333E+0
5.495014662757E+2	2.866666666667E+0
5.495601173021E+2	1.866666666667E+0
5.496187683284E+2	4.733333333333E+0
5.496774193548E+2	2.633333333333E+0
5.497360703812E+2	2.133333333333E+0
5.497947214076E+2	2.933333333333E+0
5.498533724340E+2	3.866666666667E+0
5.499120234604E+2	2.733333333333E+0
5.499706744868E+2	4.233333333333E+0
5.500293255132E+2	3.566666666667E+0
5.500879765396E+2	2.400000000000E+0
5.501466275660E+2	2.966666666667E+0
5.502052785924E+2	3.200000000000E+0
5.502639296188E+2	4.066666666667E+0
5.503225806452E+2	2.233333333333E+0
5.503812316716E+2	3.166666666667E+0
5.504398826979E+2	2.700000000000E+0
5.504985337243E+2	3.066666666667E+0
5.505571847507E+2	5.366666666667E+0
5.506158357771E+2	2.333333333333E+0
5.506744868035E+2	3.333333333333E+0
5.507331378299E+2	2.366666666667E+0
5.507917888563E+2	3.200000000000E+0
5.508504398827E+2	1.733333333333E+0
5.509090909091E+2	4.133333333333E+0
5.509677419355E+2	2.600000000000E+0
5.510263929619E+2	2.966666666667E+0
5.510850439883E+2	1.800000000000E+0
5.511436950147E+2	3.166666666667E+0
5.512023460411E+2	3.300000000000E+0
5.512609970674E+2	2.600000000000E+0
5.513196480938E+2	2.566666666667E+0
5.513782991202E+2	2.533333333333E+0
5.514369501466E+2	2.133333333333E+0
5.514956011730E+2	4.166666666667E+0
5.515542521994E+2	3.400000000000E+0
5.516129032258E+2	2.800000000000E+0
5.516715542522E+2	2.500000000000E+0
5.517302052786E+2	3.366666666667E+0
5.517888563050E+2	1.833333333333E+0
5.518475073314E+2	5.066666666667E+0
5.519061583578E+2	3.400000000000E+0
5.519648093842E+2	2.800000000000E+0
5.520234604106E+2	3.233333333333E+0
5.520821114370E+2	2.633333333333E+0
5.521407624633E+2	5.100000000000E+0
5.521994134897E+2	3.300000000000E+0
5.522580645161E+2	2.800000000000E+0
5.523167155425E+2	3.133333333333E+0
5.523753665689E+2	2.966666666667E+0
5.524340175953E+2	4.466666666667E+0
5.524926686217E+2	3.333333333333E+0
5.525513196481E+2	2.600000000000E+0
5.526099706745E+2	2.266666666667E+0
5.526686217009E+2	2.766666666667E+0
5.527272727273E+2	2.666666666667E+0
5.527859237537E+2	4.233333333333E+0
5.528445747801E+2	1.933333333333E+0
5.529032258065E+2	1.900000000000E+0
5.529618768328E+2	2.200000000000E+0
5.530205278592E+2	2.266666666667E+0
5.530791788856E+2	4.033333333333E+0
5.531378299120E+2	2.800000000000E+0
5.531964809384E+2	2.566666666667E+0
5.532551319648E+2	4.233333333333E+0
5.533137829912E+2	2.766666666667E+0
5.533724340176E+2	4.433333333333E+0
5.534310850440E+2	3.133333333333E+0
5.534897360704E+2	1.833333333333E+0
5.535483870968E+2	2.466666666667E+0
5.536070381232E+2	2.833333333333E+0
5.536656891496E+2	3.133333333333E+0
5.537243401760E+2	3.966666666667E+0
5.537829912023E+2	3.066666666667E+0
5.538416422287E+2	2.766666666667E+0
5.539002932551E+2	1.800000000000E+0
5.539589442815E+2	2.533333333333E+0
5.540175953079E+2	4.233333333333E+0
5.540762463343E+2	2.366666666667E+0
5.541348973607E+2	2.333333333333E+0
5.541935483871E+2	3.000000000000E+0
5.542521994135E+2	2.200000000000E+0
5.543108504399E+2	3.966666666667E+0
5.543695014663E+2	2.966666666667E+0
5.544281524927E+2	2.433333333333E+0
5.544868035191E+2	2.700000000000E+0
5.545454545455E+2	2.300000000000E+0
5.546041055718E+2	3.566666666667E+0
5.546627565982E+2	4.200000000000E+0
5.547214076246E+2	2.533333333333E+0
5.547800586510E+2	1.700000000000E+0
5.548387096774E+2	1.766666666667E+0
5.548973607038E+2	2.533333333333E+0
5.549560117302E+2	4.233333333333E+0
5.550146627566E+2	2.100000000000E+0
5.550733137830E+2	2.900000000000E+0
5.551319648094E+2	2.533333333333E+0
5.551906158358E+2	3.333333333333E+0
5.552492668622E+2	4.966666666667E+0
5.553079178886E+2	2.366666666667E+0
5.553665689150E+2	2.733333333333E+0
5.554252199413E+2	3.033333333333E+0
5.554838709677E+2	2.233333333333E+0
5.555425219941E+2	1.900000000000E+0
5.556011730205E+2	3.966666666667E+0
5.556598240469E+2	3.500000000000E+0
5.557184750733E+2	2.933333333333E+0
5.557771260997E+2	2.866666666667E+0
5.558357771261E+2	2.300000000000E+0
5.558944281525E+2	5.100000000000E+0
5.559530791789E+2	3.233333333333E+0
5.560117302053E+2	2.300000000000E+0
5.560703812317E+2	2.733333333333E+0
5.561290322581E+2	1.733333333333E+0
5.561876832845E+2	4.133333333333E+0
5.562463343109E+2	3.233333333333E+0
5.563049853372E+2	2.400000000000E+0
5.563636363636E+2	2.533333333333E+0
5.564222873900E+2	2.533333333333E+0
5.564809384164E+2	3.100000000000E+0
5.565395894428E+2	4.766666666667E+0
5.565982404692E+2	1.833333333333E+0
5.566568914956E+2	3.000000000000E+0
5.567155425220E+2	2.066666666667E+0
5.567741935484E+2	2.300000000000E+0
5.568328445748E+2	4.766666666667E+0
5.568914956012E+2	2.200000000000E+0
5.569501466276E+2	2.533333333333E+0
5.570087976540E+2	2.866666666667E+0
5.570674486804E+2	3.233333333333E+0
5.571260997067E+2	4.400000000000E+0
5.571847507331E+2	2.533333333333E+0
5.572434017595E+2	3.266666666667E+0
5.573020527859E+2	2.400000000000E+0
5.573607038123E+2	2.833333333333E+0
5.574193548387E+2	4.033333333333E+0
5.574780058651E+2	1.800000000000E+0
5.575366568915E+2	2.966666666667E+0
5.575953079179E+2	2.433333333333E+0
5.576539589443E+2	3.633333333333E+0
5.577126099707E+2	2.933333333333E+0
5.577712609971E+2	5.000000000000E+0
5.578299120235E+2	3.900000000000E+0
5.578885630499E+2	2.566666666667E+0
5.579472140762E+2	2.666666666667E+0
5.580058651026E+2	2.533333333333E+0
5.580645161290E+2	5.466666666667E+0
5.581231671554E+2	2.766666666667E+0
5.581818181818E+2	2.100000000000E+0
5.582404692082E+2	3.600000000000E+0
5.582991202346E+2	2.866666666667E+0
5.583577712610E+2	5.166666666667E+0
5.584164222874E+2	3.300000000000E+0
5.584750733138E+2	2.600000000000E+0
5.585337243402E+2	3.600000000000E+0
5.585923753666E+2	2.266666666667E+0
5.586510263930E+2	3.466666666667E+0
5.587096774194E+2	4.866666666667E+0
5.587683284457E+2	3.233333333333E+0
5.588269794721E+2	3.233333333333E+0
5.588856304985E+2	3.000000000000E+0
5.589442815249E+2	3.733333333333E+0
5.590029325513E+2	3.966666666667E+0
5.590615835777E+2	2.000000000000E+0
5.591202346041E+2	3.533333333333E+0
5.591788856305E+2	2.133333333333E+0
5.592375366569E+2	3.100000000000E+0
5.592961876833E+2	4.833333333333E+0
5.593548387097E+2	1.733333333333E+0
5.594134897361E+2	2.666666666667E+0
5.594721407625E+2	2.033333333333E+0
5.595307917889E+2	3.233333333333E+0
5.595894428152E+2	4.333333333333E+0
5.596480938416E+2	2.466666666667E+0
5.597067448680E+2	3.233333333333E+0
5.597653958944E+2	2.733333333333E+0
5.598240469208E+2	4.166666666667E+0
5.598826979472E+2	3.333333333333E+0
5.599413489736E+2	5.200000000000E+0
5.600000000000E+2	2.566666666667E+0
