Wavelength	Intensity
5.000000000000E+2	1.543333333333E+1
5.000293255132E+2	8.866666666667E+0
5.000586510264E+2	1.173333333333E+1
5.000879765396E+2	1.633333333333E+1
5.001173020528E+2	1.336666666667E+1
5.001466275660E+2	1.820000000000E+1
5.001759530792E+2	1.033333333333E+1
5.002052785924E+2	1.193333333333E+1
5.002346041056E+2	8.166666666667E+0
5.002639296188E+2	9.766666666667E+0
5.002932551320E+2	1.860000000000E+1
5.003225806452E+2	1.240000000000E+1
5.003519061584E+2	1.393333333333E+1
5.003812316716E+2	1.276666666667E+1
5.004105571848E+2	2.050000000000E+1
5.004398826979E+2	1.253333333333E+1
5.004692082111E+2	1.090000000000E+1
5.004985337243E+2	2.003333333333E+1
5.005278592375E+2	1.333333333333E+1
5.005571847507E+2	1.946666666667E+1
5.005865102639E+2	1.100000000000E+1
5.006158357771E+2	5.966666666667E+0
5.006451612903E+2	8.400000000000E+0
5.006744868035E+2	8.266666666667E+0
5.007038123167E+2	1.503333333333E+1
5.007331378299E+2	1.273333333333E+1
5.007624633431E+2	1.016666666667E+1
5.007917888563E+2	1.190000000000E+1
5.008211143695E+2	8.400000000000E+0
5.008504398827E+2	1.396666666667E+1
5.008797653959E+2	7.866666666667E+0
5.009090909091E+2	1.570000000000E+1
5.009384164223E+2	1.763333333333E+1
5.009677419355E+2	1.826666666667E+1
5.009970674487E+2	2.150000000000E+1
5.010263929619E+2	1.143333333333E+1
5.010557184751E+2	1.070000000000E+1
5.010850439883E+2	2.430000000000E+1
5.011143695015E+2	1.290000000000E+1
5.011436950147E+2	1.283333333333E+1
5.011730205279E+2	1.376666666667E+1
5.012023460411E+2	2.030000000000E+1
5.012316715543E+2	1.083333333333E+1
5.012609970674E+2	6.166666666667E+0
5.012903225806E+2	9.533333333333E+0
5.013196480938E+2	1.056666666667E+1
5.013489736070E+2	2.253333333333E+1
5.013782991202E+2	1.986666666667E+1
5.014076246334E+2	2.090000000000E+1
5.014369501466E+2	1.306666666667E+1
5.014662756598E+2	1.070000000000E+1
5.014956011730E+2	1.643333333333E+1
5.015249266862E+2	1.363333333333E+1
5.015542521994E+2	1.773333333333E+1
5.015835777126E+2	2.260000000000E+1
5.016129032258E+2	1.246666666667E+1
5.016422287390E+2	1.126666666667E+1
5.016715542522E+2	7.333333333333E+0
5.017008797654E+2	1.416666666667E+1
5.017302052786E+2	1.090000000000E+1
5.017595307918E+2	1.220000000000E+1
5.017888563050E+2	1.923333333333E+1
5.018181818182E+2	1.420000000000E+1
5.018475073314E+2	1.566666666667E+1
5.018768328446E+2	1.420000000000E+1
5.019061583578E+2	2.026666666667E+1
5.019354838710E+2	1.583333333333E+1
5.019648093842E+2	1.733333333333E+1
5.019941348974E+2	2.343333333333E+1
5.020234604106E+2	1.506666666667E+1
5.020527859238E+2	1.586666666667E+1
5.020821114370E+2	1.876666666667E+1
5.021114369501E+2	1.526666666667E+1
5.021407624633E+2	2.053333333333E+1
5.021700879765E+2	1.236666666667E+1
5.021994134897E+2	1.470000000000E+1
5.022287390029E+2	1.760000000000E+1
5.022580645161E+2	1.780000000000E+1
5.022873900293E+2	2.300000000000E+1
5.023167155425E+2	1.903333333333E+1
5.023460410557E+2	2.160000000000E+1
5.023753665689E+2	1.726666666667E+1
5.024046920821E+2	1.780000000000E+1
5.024340175953E+2	1.533333333333E+1
5.024633431085E+2	1.550000000000E+1
5.024926686217E+2	2.353333333333E+1
5.025219941349E+2	1.850000000000E+1
5.025513196481E+2	2.200000000000E+1
5.025806451613E+2	1.096666666667E+1
5.026099706745E+2	9.166666666667E+0
5.026392961877E+2	1.270000000000E+1
5.026686217009E+2	7.133333333333E+0
5.026979472141E+2	1.160000000000E+1
5.027272727273E+2	9.500000000000E+0
5.027565982405E+2	1.233333333333E+1
5.027859237537E+2	2.496666666667E+1
5.028152492669E+2	1.676666666667E+1
5.028445747801E+2	1.906666666667E+1
5.028739002933E+2	1.620000000000E+1
5.029032258065E+2	2.553333333333E+1
5.029325513196E+2	1.523333333333E+1
5.029618768328E+2	1.173333333333E+1
5.029912023460E+2	1.306666666667E+1
5.030205278592E+2	8.100000000000E+0
5.030498533724E+2	1.483333333333E+1
5.030791788856E+2	1.580000000000E+1
5.031085043988E+2	1.226666666667E+1
5.031378299120E+2	1.363333333333E+1
5.031671554252E+2	1.136666666667E+1
5.031964809384E+2	1.620000000000E+1
5.032258064516E+2	1.523333333333E+1
5.032551319648E+2	1.286666666667E+1
5.032844574780E+2	1.776666666667E+1
5.033137829912E+2	1.710000000000E+1
5.033431085044E+2	2.076666666667E+1
5.033724340176E+2	1.516666666667E+1
5.034017595308E+2	1.836666666667E+1
5.034310850440E+2	1.773333333333E+1
5.034604105572E+2	1.440000000000E+1
5.034897360704E+2	1.910000000000E+1
5.035190615836E+2	1.343333333333E+1
5.035483870968E+2	1.590000000000E+1
5.035777126100E+2	2.223333333333E+1
5.036070381232E+2	1.383333333333E+1
5.036363636364E+2	1.370000000000E+1
5.036656891496E+2	1.140000000000E+1
5.036950146628E+2	1.536666666667E+1
5.037243401760E+2	1.146666666667E+1
5.037536656891E+2	1.353333333333E+1
5.037829912023E+2	2.226666666667E+1
5.038123167155E+2	1.410000000000E+1
5.038416422287E+2	1.683333333333E+1
5.038709677419E+2	1.433333333333E+1
5.039002932551E+2	1.850000000000E+1
5.039296187683E+2	1.153333333333E+1
5.039589442815E+2	1.046666666667E+1
5.039882697947E+2	1.643333333333E+1
5.040175953079E+2	1.040000000000E+1
5.040469208211E+2	1.046666666667E+1
5.040762463343E+2	9.933333333333E+0
5.041055718475E+2	9.566666666667E+0
5.041348973607E+2	1.300000000000E+1
5.041642228739E+2	1.193333333333E+1
5.041935483871E+2	2.110000000000E+1
5.042228739003E+2	1.790000000000E+1
5.042521994135E+2	1.463333333333E+1
5.042815249267E+2	2.100000000000E+1
5.043108504399E+2	1.163333333333E+1
5.043401759531E+2	1.103333333333E+1
5.043695014663E+2	8.500000000000E+0
5.043988269795E+2	1.256666666667E+1
5.044281524927E+2	2.043333333333E+1
5.044574780059E+2	1.643333333333E+1
5.044868035191E+2	1.830000000000E+1
5.045161290323E+2	1.170000000000E+1
5.045454545455E+2	9.333333333333E+0
5.045747800587E+2	1.783333333333E+1
5.046041055718E+2	1.323333333333E+1
5.046334310850E+2	1.530000000000E+1
5.046627565982E+2	1.260000000000E+1
5.046920821114E+2	1.823333333333E+1
5.047214076246E+2	1.703333333333E+1
5.047507331378E+2	1.536666666667E+1
5.047800586510E+2	1.910000000000E+1
5.048093841642E+2	7.900000000000E+0
5.048387096774E+2	6.466666666667E+0
5.048680351906E+2	8.600000000000E+0
5.048973607038E+2	1.796666666667E+1
5.049266862170E+2	1.426666666667E+1
5.049560117302E+2	1.233333333333E+1
5.049853372434E+2	1.710000000000E+1
5.050146627566E+2	1.080000000000E+1
5.050439882698E+2	1.053333333333E+1
5.050733137830E+2	1.350000000000E+1
5.051026392962E+2	1.246666666667E+1
5.051319648094E+2	1.823333333333E+1
5.051612903226E+2	1.460000000000E+1
5.051906158358E+2	1.946666666667E+1
5.052199413490E+2	2.243333333333E+1
5.052492668622E+2	1.470000000000E+1
5.052785923754E+2	2.003333333333E+1
5.053079178886E+2	1.513333333333E+1
5.053372434018E+2	1.533333333333E+1
5.053665689150E+2	1.683333333333E+1
5.053958944282E+2	2.833333333333E+1
5.054252199413E+2	1.660000000000E+1
5.054545454545E+2	1.696666666667E+1
5.054838709677E+2	2.323333333333E+1
5.055131964809E+2	1.670000000000E+1
5.055425219941E+2	1.650000000000E+1
5.055718475073E+2	1.956666666667E+1
5.056011730205E+2	1.616666666667E+1
5.056304985337E+2	2.180000000000E+1
5.056598240469E+2	1.733333333333E+1
5.056891495601E+2	2.186666666667E+1
5.057184750733E+2	1.953333333333E+1
5.057478005865E+2	1.413333333333E+1
5.057771260997E+2	1.736666666667E+1
5.058064516129E+2	1.890000000000E+1
5.058357771261E+2	3.063333333333E+1
5.058651026393E+2	2.710000000000E+1
5.058944281525E+2	2.830000000000E+1
5.059237536657E+2	2.400000000000E+1
5.059530791789E+2	2.740000000000E+1
5.059824046921E+2	3.556666666667E+1
5.060117302053E+2	2.966666666667E+1
5.060410557185E+2	2.790000000000E+1
5.060703812317E+2	3.423333333333E+1
5.060997067449E+2	3.056666666667E+1
5.061290322581E+2	3.326666666667E+1
5.061583577713E+2	2.890000000000E+1
5.061876832845E+2	2.943333333333E+1
5.062170087977E+2	3.396666666667E+1
5.062463343109E+2	3.080000000000E+1
5.062756598240E+2	3.556666666667E+1
5.063049853372E+2	3.783333333333E+1
5.063343108504E+2	4.226666666667E+1
5.063636363636E+2	4.056666666667E+1
5.063929618768E+2	4.256666666667E+1
5.064222873900E+2	4.990000000000E+1
5.064516129032E+2	5.323333333333E+1
5.064809384164E+2	5.833333333333E+1
5.065102639296E+2	5.573333333333E+1
5.065395894428E+2	5.376666666667E+1
5.065689149560E+2	5.913333333333E+1
5.065982404692E+2	5.853333333333E+1
5.066275659824E+2	5.906666666667E+1
5.066568914956E+2	6.006666666667E+1
5.066862170088E+2	6.196666666667E+1
5.067155425220E+2	7.066666666667E+1
5.067448680352E+2	7.043333333333E+1
5.067741935484E+2	7.110000000000E+1
5.068035190616E+2	7.150000000000E+1
5.068328445748E+2	7.263333333333E+1
5.068621700880E+2	7.883333333333E+1
5.068914956012E+2	8.590000000000E+1
5.069208211144E+2	7.276666666667E+1
5.069501466276E+2	8.150000000000E+1
5.069794721408E+2	9.090000000000E+1
5.070087976540E+2	9.133333333333E+1
5.070381231672E+2	9.253333333333E+1
5.070674486804E+2	9.106666666667E+1
5.070967741935E+2	9.686666666667E+1
5.071260997067E+2	1.031666666667E+2
5.071554252199E+2	1.059000000000E+2
5.071847507331E+2	1.092666666667E+2
5.072140762463E+2	1.031666666667E+2
5.072434017595E+2	1.147666666667E+2
5.072727272727E+2	1.269000000000E+2
5.073020527859E+2	1.203000000000E+2
5.073313782991E+2	1.141666666667E+2
5.073607038123E+2	1.243666666667E+2
5.073900293255E+2	1.349666666667E+2
5.074193548387E+2	1.376000000000E+2
5.074486803519E+2	1.371666666667E+2
5.074780058651E+2	1.371000000000E+2
5.075073313783E+2	1.439000000000E+2
5.075366568915E+2	1.513000000000E+2
5.075659824047E+2	1.424666666667E+2
5.075953079179E+2	1.519000000000E+2
5.076246334311E+2	1.617333333333E+2
5.076539589443E+2	1.530666666667E+2
5.076832844575E+2	1.449333333333E+2
5.077126099707E+2	1.644333333333E+2
5.077419354839E+2	1.732666666667E+2
5.077712609971E+2	1.826666666667E+2
5.078005865103E+2	1.796666666667E+2
5.078299120235E+2	1.770000000000E+2
5.078592375367E+2	1.702000000000E+2
5.078885630499E+2	1.778333333333E+2
5.079178885630E+2	1.859666666667E+2
5.079472140762E+2	1.858333333333E+2
5.079765395894E+2	1.861333333333E+2
5.080058651026E+2	1.850000000000E+2
5.080351906158E+2	1.842333333333E+2
5.080645161290E+2	2.008333333333E+2
5.080938416422E+2	2.030666666667E+2
5.081231671554E+2	2.057666666667E+2
5.081524926686E+2	2.084333333333E+2
5.081818181818E+2	2.116000000000E+2
5.082111436950E+2	2.217666666667E+2
5.082404692082E+2	2.224333333333E+2
5.082697947214E+2	2.235333333333E+2
5.082991202346E+2	2.212333333333E+2
5.083284457478E+2	2.193666666667E+2
5.083577712610E+2	2.337000000000E+2
5.083870967742E+2	2.352666666667E+2
5.084164222874E+2	2.373333333333E+2
5.084457478006E+2	2.399333333333E+2
5.084750733138E+2	2.429666666667E+2
5.085043988270E+2	2.461333333333E+2
5.085337243402E+2	2.497333333333E+2
5.085630498534E+2	2.579666666667E+2
5.085923753666E+2	2.562000000000E+2
5.086217008798E+2	2.548666666667E+2
5.086510263930E+2	2.574666666667E+2
5.086803519062E+2	2.604666666667E+2
5.087096774194E+2	2.791000000000E+2
5.087390029326E+2	2.806000000000E+2
5.087683284457E+2	2.826333333333E+2
5.087976539589E+2	2.836666666667E+2
5.088269794721E+2	2.851333333333E+2
5.088563049853E+2	3.028000000000E+2
5.088856304985E+2	3.049333333333E+2
5.089149560117E+2	3.075666666667E+2
5.089442815249E+2	3.140333333333E+2
5.089736070381E+2	3.210666666667E+2
5.090029325513E+2	3.253000000000E+2
5.090322580645E+2	3.300333333333E+2
5.090615835777E+2	3.331000000000E+2
5.090909090909E+2	3.383333333333E+2
5.091202346041E+2	3.441333333333E+2
5.091495601173E+2	3.464333333333E+2
5.091788856305E+2	3.493333333333E+2
5.092082111437E+2	3.714000000000E+2
5.092375366569E+2	3.704000000000E+2
5.092668621701E+2	3.699666666667E+2
5.092961876833E+2	3.748666666667E+2
5.093255131965E+2	3.803333333333E+2
5.093548387097E+2	3.975000000000E+2
5.093841642229E+2	4.028666666667E+2
5.094134897361E+2	4.087000000000E+2
5.094428152493E+2	4.082000000000E+2
5.094721407625E+2	4.082000000000E+2
5.095014662757E+2	4.164000000000E+2
5.095307917889E+2	4.252000000000E+2
5.095601173021E+2	4.531333333333E+2
5.095894428152E+2	4.536000000000E+2
5.096187683284E+2	4.545000000000E+2
5.096480938416E+2	4.645666666667E+2
5.096774193548E+2	4.751000000000E+2
5.097067448680E+2	4.901666666667E+2
5.097360703812E+2	4.963333333333E+2
5.097653958944E+2	5.029333333333E+2
5.097947214076E+2	5.125333333333E+2
5.098240469208E+2	5.225333333333E+2
5.098533724340E+2	5.318666666667E+2
5.098826979472E+2	5.531000000000E+2
5.099120234604E+2	5.748333333333E+2
5.099413489736E+2	5.709000000000E+2
5.099706744868E+2	5.675333333333E+2
5.100000000000E+2	5.810000000000E+2
5.100293255132E+2	5.949666666667E+2
5.100586510264E+2	6.038000000000E+2
5.100879765396E+2	6.182000000000E+2
5.101173020528E+2	6.332000000000E+2
5.101466275660E+2	6.399666666667E+2
5.101759530792E+2	6.472000000000E+2
5.102052785924E+2	6.528666666667E+2
5.102346041056E+2	6.648333333333E+2
5.102639296188E+2	6.771666666667E+2
5.102932551320E+2	6.842666666667E+2
5.103225806452E+2	6.917666666667E+2
5.103519061584E+2	7.197000000000E+2
5.103812316716E+2	7.306000000000E+2
5.104105571848E+2	7.420666666667E+2
5.104398826979E+2	7.477000000000E+2
5.104692082111E+2	7.537666666667E+2
5.104985337243E+2	7.604000000000E+2
5.105278592375E+2	7.675666666667E+2
5.105571847507E+2	7.912666666667E+2
5.105865102639E+2	8.019333333333E+2
5.106158357771E+2	8.132000000000E+2
5.106451612903E+2	8.175333333333E+2
5.106744868035E+2	8.226000000000E+2
5.107038123167E+2	8.359666666667E+2
5.107331378299E+2	8.466333333333E+2
5.107624633431E+2	8.575666666667E+2
5.107917888563E+2	8.735666666667E+2
5.108211143695E+2	8.900000000000E+2
5.108504398827E+2	9.170666666667E+2
5.108797653959E+2	9.186666666667E+2
5.109090909091E+2	9.206666666667E+2
5.109384164223E+2	9.271666666667E+2
5.109677419355E+2	9.341000000000E+2
5.109970674487E+2	9.622666666667E+2
5.110263929619E+2	9.696666666667E+2
5.110557184751E+2	9.774666666667E+2
5.110850439883E+2	9.811333333333E+2
5.111143695015E+2	9.851333333333E+2
5.111436950147E+2	9.910333333333E+2
5.111730205279E+2	9.973666666667E+2
5.112023460411E+2	1.026100000000E+3
5.112316715543E+2	1.029600000000E+3
5.112609970674E+2	1.033500000000E+3
5.112903225806E+2	1.032733333333E+3
5.113196480938E+2	1.032333333333E+3
5.113489736070E+2	1.046300000000E+3
5.113782991202E+2	1.045366666667E+3
5.114076246334E+2	1.044800000000E+3
5.114369501466E+2	1.041100000000E+3
5.114662756598E+2	1.037900000000E+3
5.114956011730E+2	1.058500000000E+3
5.115249266862E+2	1.054266666667E+3
5.115542521994E+2	1.050666666667E+3
5.115835777126E+2	1.042133333333E+3
5.116129032258E+2	1.034000000000E+3
5.116422287390E+2	1.030533333333E+3
5.116715542522E+2	1.027533333333E+3
5.117008797654E+2	1.026266666667E+3
5.117302052786E+2	1.014333333333E+3
5.117595307918E+2	1.002866666667E+3
5.117888563050E+2	9.987333333333E+2
5.118181818182E+2	9.949333333333E+2
5.118475073314E+2	9.629000000000E+2
5.118768328446E+2	9.501666666667E+2
5.119061583578E+2	9.379666666667E+2
5.119354838710E+2	9.286666666667E+2
5.119648093842E+2	9.198333333333E+2
5.119941348974E+2	9.078333333333E+2
5.120234604106E+2	8.878000000000E+2
5.120527859238E+2	8.682333333333E+2
5.120821114370E+2	8.515333333333E+2
5.121114369501E+2	8.353000000000E+2
5.121407624633E+2	8.216000000000E+2
5.121700879765E+2	8.085000000000E+2
5.121994134897E+2	7.713666666667E+2
5.122287390029E+2	7.511333333333E+2
5.122580645161E+2	7.313666666667E+2
5.122873900293E+2	7.055333333333E+2
5.123167155425E+2	6.802666666667E+2
5.123460410557E+2	6.536000000000E+2
5.123753665689E+2	6.258000000000E+2
5.124046920821E+2	5.984000000000E+2
5.124340175953E+2	5.743666666667E+2
5.124633431085E+2	5.509333333333E+2
5.124926686217E+2	5.090666666667E+2
5.125219941349E+2	4.872000000000E+2
5.125513196481E+2	4.657666666667E+2
5.125806451613E+2	4.383000000000E+2
5.126099706745E+2	4.112333333333E+2
5.126392961877E+2	3.689666666667E+2
5.126686217009E+2	3.474000000000E+2
5.126979472141E+2	3.264666666667E+2
5.127272727273E+2	3.057333333333E+2
5.127565982405E+2	2.853333333333E+2
5.127859237537E+2	2.655666666667E+2
5.128152492669E+2	2.461666666667E+2
5.128445747801E+2	2.052333333333E+2
5.128739002933E+2	1.941333333333E+2
5.129032258065E+2	1.836000000000E+2
5.129325513196E+2	1.590666666667E+2
5.129618768328E+2	1.348333333333E+2
5.129912023460E+2	1.073666666667E+2
5.130205278592E+2	9.736666666667E+1
5.130498533724E+2	8.783333333333E+1
5.130791788856E+2	7.846666666667E+1
5.131085043988E+2	7.123333333333E+1
5.131378299120E+2	5.010000000000E+1
5.131671554252E+2	4.730000000000E+1
5.131964809384E+2	4.656666666667E+1
5.132258064516E+2	4.363333333333E+1
5.132551319648E+2	4.313333333333E+1
5.132844574780E+2	3.846666666667E+1
5.133137829912E+2	3.653333333333E+1
5.133431085044E+2	4.030000000000E+1
5.133724340176E+2	5.233333333333E+1
5.134017595308E+2	6.693333333333E+1
5.134310850440E+2	5.966666666667E+1
5.134604105572E+2	5.456666666667E+1
5.134897360704E+2	9.253333333333E+1
5.135190615836E+2	9.893333333333E+1
5.135483870968E+2	1.057666666667E+2
5.135777126100E+2	1.215666666667E+2
5.136070381232E+2	1.378000000000E+2
5.136363636364E+2	1.679666666667E+2
5.136656891496E+2	1.790000000000E+2
5.136950146628E+2	1.905333333333E+2
5.137243401760E+2	2.039000000000E+2
5.137536656891E+2	2.178000000000E+2
5.137829912023E+2	2.297333333333E+2
5.138123167155E+2	2.421333333333E+2
5.138416422287E+2	2.938666666667E+2
5.138709677419E+2	3.101333333333E+2
5.139002932551E+2	3.268666666667E+2
5.139296187683E+2	3.408666666667E+2
5.139589442815E+2	3.554000000000E+2
5.139882697947E+2	3.897666666667E+2
5.140175953079E+2	4.010333333333E+2
5.140469208211E+2	4.128666666667E+2
5.140762463343E+2	4.339333333333E+2
5.141055718475E+2	4.555000000000E+2
5.141348973607E+2	4.568333333333E+2
5.141642228739E+2	4.679666666667E+2
5.141935483871E+2	4.796666666667E+2
5.142228739003E+2	4.880333333333E+2
5.142521994135E+2	4.968000000000E+2
5.142815249267E+2	5.147000000000E+2
5.143108504399E+2	5.098333333333E+2
5.143401759531E+2	5.055333333333E+2
5.143695014663E+2	5.071666666667E+2
5.143988269795E+2	5.092000000000E+2
5.144281524927E+2	4.948333333333E+2
5.144574780059E+2	4.810000000000E+2
5.144868035191E+2	4.834666666667E+2
5.145161290323E+2	4.792666666667E+2
5.145454545455E+2	4.755333333333E+2
5.145747800587E+2	4.698333333333E+2
5.146041055718E+2	4.645666666667E+2
5.146334310850E+2	4.326333333333E+2
5.146627565982E+2	4.204333333333E+2
5.146920821114E+2	4.086333333333E+2
5.147214076246E+2	3.973333333333E+2
5.147507331378E+2	3.864333333333E+2
5.147800586510E+2	3.546333333333E+2
5.148093841642E+2	3.404666666667E+2
5.148387096774E+2	3.267000000000E+2
5.148680351906E+2	3.102000000000E+2
5.148973607038E+2	2.940666666667E+2
5.149266862170E+2	2.698333333333E+2
5.149560117302E+2	2.459666666667E+2
5.149853372434E+2	2.396000000000E+2
5.150146627566E+2	2.192333333333E+2
5.150439882698E+2	1.995333333333E+2
5.150733137830E+2	1.849666666667E+2
5.151026392962E+2	1.710000000000E+2
5.151319648094E+2	1.438000000000E+2
5.151612903226E+2	1.312333333333E+2
5.151906158358E+2	1.193000000000E+2
5.152199413490E+2	1.078000000000E+2
5.152492668622E+2	9.663333333333E+1
5.152785923754E+2	7.163333333333E+1
5.153079178886E+2	6.753333333333E+1
5.153372434018E+2	6.410000000000E+1
5.153665689150E+2	5.680000000000E+1
5.153958944282E+2	5.220000000000E+1
5.154252199413E+2	4.123333333333E+1
5.154545454545E+2	3.523333333333E+1
5.154838709677E+2	3.336666666667E+1
5.155131964809E+2	3.170000000000E+1
5.155425219941E+2	3.696666666667E+1
5.155718475073E+2	2.880000000000E+1
5.156011730205E+2	2.756666666667E+1
5.156304985337E+2	1.820000000000E+1
5.156598240469E+2	1.670000000000E+1
5.156891495601E+2	2.156666666667E+1
5.157184750733E+2	2.120000000000E+1
5.157478005865E+2	2.753333333333E+1
5.157771260997E+2	2.633333333333E+1
5.158064516129E+2	1.333333333333E+1
5.158357771261E+2	1.170000000000E+1
5.158651026393E+2	1.816666666667E+1
5.158944281525E+2	3.246666666667E+1
5.159237536657E+2	2.393333333333E+1
5.159530791789E+2	2.260000000000E+1
5.159824046921E+2	2.683333333333E+1
5.160117302053E+2	2.530000000000E+1
5.160410557185E+2	3.033333333333E+1
5.160703812317E+2	2.140000000000E+1
5.160997067449E+2	2.060000000000E+1
5.161290322581E+2	1.790000000000E+1
5.161583577713E+2	1.710000000000E+1
5.161876832845E+2	2.320000000000E+1
5.162170087977E+2	1.836666666667E+1
5.162463343109E+2	2.166666666667E+1
5.162756598240E+2	3.043333333333E+1
5.163049853372E+2	2.896666666667E+1
5.163343108504E+2	3.206666666667E+1
5.163636363636E+2	3.030000000000E+1
5.163929618768E+2	3.560000000000E+1
5.164222873900E+2	2.930000000000E+1
5.164516129032E+2	2.750000000000E+1
5.164809384164E+2	3.133333333333E+1
5.165102639296E+2	3.163333333333E+1
5.165395894428E+2	3.756666666667E+1
5.165689149560E+2	3.276666666667E+1
5.165982404692E+2	3.233333333333E+1
5.166275659824E+2	3.573333333333E+1
5.166568914956E+2	3.410000000000E+1
5.166862170088E+2	3.640000000000E+1
5.167155425220E+2	3.600000000000E+1
5.167448680352E+2	3.736666666667E+1
5.167741935484E+2	4.646666666667E+1
5.168035190616E+2	4.106666666667E+1
5.168328445748E+2	3.770000000000E+1
5.168621700880E+2	3.200000000000E+1
5.168914956012E+2	3.420000000000E+1
5.169208211144E+2	4.280000000000E+1
5.169501466276E+2	4.260000000000E+1
5.169794721408E+2	4.393333333333E+1
5.170087976540E+2	4.606666666667E+1
5.170381231672E+2	5.036666666667E+1
5.170674486804E+2	5.190000000000E+1
5.170967741935E+2	4.763333333333E+1
5.171260997067E+2	4.700000000000E+1
5.171554252199E+2	5.770000000000E+1
5.171847507331E+2	7.100000000000E+1
5.172140762463E+2	6.720000000000E+1
5.172434017595E+2	6.446666666667E+1
5.172727272727E+2	7.236666666667E+1
5.173020527859E+2	7.183333333333E+1
5.173313782991E+2	7.186666666667E+1
5.173607038123E+2	8.280000000000E+1
5.173900293255E+2	9.423333333333E+1
5.174193548387E+2	8.566666666667E+1
5.174486803519E+2	9.086666666667E+1
5.174780058651E+2	9.660000000000E+1
5.175073313783E+2	8.833333333333E+1
5.175366568915E+2	8.066666666667E+1
5.175659824047E+2	1.048000000000E+2
5.175953079179E+2	1.080666666667E+2
5.176246334311E+2	1.117666666667E+2
5.176539589443E+2	1.144333333333E+2
5.176832844575E+2	1.177333333333E+2
5.177126099707E+2	1.140000000000E+2
5.177419354839E+2	1.108666666667E+2
5.177712609971E+2	1.175666666667E+2
5.178005865103E+2	1.097666666667E+2
5.178299120235E+2	1.023333333333E+2
5.178592375367E+2	1.114333333333E+2
5.178885630499E+2	1.209000000000E+2
5.179178885630E+2	1.065000000000E+2
5.179472140762E+2	1.197666666667E+2
5.179765395894E+2	1.335666666667E+2
5.180058651026E+2	1.248000000000E+2
5.180351906158E+2	1.164666666667E+2
5.180645161290E+2	1.203666666667E+2
5.180938416422E+2	1.222666666667E+2
5.181231671554E+2	1.246666666667E+2
5.181524926686E+2	1.256333333333E+2
5.181818181818E+2	1.273333333333E+2
5.182111436950E+2	1.150666666667E+2
5.182404692082E+2	1.134000000000E+2
5.182697947214E+2	1.122333333333E+2
5.182991202346E+2	1.111666666667E+2
5.183284457478E+2	1.106666666667E+2
5.183577712610E+2	1.092333333333E+2
5.183870967742E+2	1.083333333333E+2
5.184164222874E+2	1.181000000000E+2
5.184457478006E+2	1.096666666667E+2
5.184750733138E+2	1.017333333333E+2
5.185043988270E+2	1.018666666667E+2
5.185337243402E+2	1.022000000000E+2
5.185630498534E+2	1.065333333333E+2
5.185923753666E+2	9.596666666667E+1
5.186217008798E+2	8.590000000000E+1
5.186510263930E+2	8.840000000000E+1
5.186803519062E+2	9.146666666667E+1
5.187096774194E+2	7.116666666667E+1
5.187390029326E+2	7.676666666667E+1
5.187683284457E+2	8.273333333333E+1
5.187976539589E+2	7.513333333333E+1
5.188269794721E+2	6.796666666667E+1
5.188563049853E+2	7.800000000000E+1
5.188856304985E+2	6.606666666667E+1
5.189149560117E+2	5.516666666667E+1
5.189442815249E+2	5.703333333333E+1
5.189736070381E+2	6.010000000000E+1
5.190029325513E+2	5.413333333333E+1
5.190322580645E+2	4.956666666667E+1
5.190615835777E+2	5.726666666667E+1
5.190909090909E+2	5.136666666667E+1
5.191202346041E+2	4.730000000000E+1
5.191495601173E+2	4.863333333333E+1
5.191788856305E+2	5.250000000000E+1
5.192082111437E+2	3.566666666667E+1
5.192375366569E+2	3.676666666667E+1
5.192668621701E+2	4.030000000000E+1
5.192961876833E+2	3.250000000000E+1
5.193255131965E+2	2.996666666667E+1
5.193548387097E+2	3.543333333333E+1
5.193841642229E+2	2.483333333333E+1
5.194134897361E+2	2.273333333333E+1
5.194428152493E+2	2.153333333333E+1
5.194721407625E+2	2.640000000000E+1
5.195014662757E+2	2.480000000000E+1
5.195307917889E+2	3.030000000000E+1
5.195601173021E+2	2.220000000000E+1
5.195894428152E+2	2.203333333333E+1
5.196187683284E+2	2.826666666667E+1
5.196480938416E+2	2.253333333333E+1
5.196774193548E+2	2.630000000000E+1
5.197067448680E+2	3.183333333333E+1
5.197360703812E+2	3.013333333333E+1
5.197653958944E+2	3.606666666667E+1
5.197947214076E+2	2.693333333333E+1
5.198240469208E+2	2.373333333333E+1
5.198533724340E+2	2.720000000000E+1
5.198826979472E+2	2.853333333333E+1
5.199120234604E+2	3.473333333333E+1
5.199413489736E+2	3.713333333333E+1
5.199706744868E+2	4.266666666667E+1
5.200000000000E+2	4.240000000000E+1
5.200293255132E+2	4.700000000000E+1
5.200586510264E+2	5.506666666667E+1
5.200879765396E+2	5.286666666667E+1
5.201173020528E+2	5.393333333333E+1
5.201466275660E+2	5.666666666667E+1
5.201759530792E+2	6.060000000000E+1
5.202052785924E+2	5.446666666667E+1
5.202346041056E+2	6.080000000000E+1
5.202639296188E+2	6.876666666667E+1
5.202932551320E+2	6.783333333333E+1
5.203225806452E+2	6.776666666667E+1
5.203519061584E+2	9.000000000000E+1
5.203812316716E+2	9.123333333333E+1
5.204105571848E+2	9.306666666667E+1
5.204398826979E+2	9.566666666667E+1
5.204692082111E+2	9.880000000000E+1
5.204985337243E+2	1.012666666667E+2
5.205278592375E+2	1.058333333333E+2
5.205571847507E+2	1.108333333333E+2
5.205865102639E+2	1.176000000000E+2
5.206158357771E+2	1.249666666667E+2
5.206451612903E+2	1.358000000000E+2
5.206744868035E+2	1.345333333333E+2
5.207038123167E+2	1.338666666667E+2
5.207331378299E+2	1.406000000000E+2
5.207624633431E+2	1.479000000000E+2
5.207917888563E+2	1.518000000000E+2
5.208211143695E+2	1.563000000000E+2
5.208504398827E+2	1.631000000000E+2
5.208797653959E+2	1.600666666667E+2
5.209090909091E+2	1.576333333333E+2
5.209384164223E+2	1.614000000000E+2
5.209677419355E+2	1.659000000000E+2
5.209970674487E+2	1.613333333333E+2
5.210263929619E+2	1.703333333333E+2
5.210557184751E+2	1.796333333333E+2
5.210850439883E+2	1.832666666667E+2
5.211143695015E+2	1.874666666667E+2
5.211436950147E+2	1.967666666667E+2
5.211730205279E+2	1.953000000000E+2
5.212023460411E+2	1.943333333333E+2
5.212316715543E+2	2.000000000000E+2
5.212609970674E+2	2.061666666667E+2
5.212903225806E+2	2.059333333333E+2
5.213196480938E+2	2.061000000000E+2
5.213489736070E+2	2.206666666667E+2
5.213782991202E+2	2.130333333333E+2
5.214076246334E+2	2.058666666667E+2
5.214369501466E+2	2.130666666667E+2
5.214662756598E+2	2.207000000000E+2
5.214956011730E+2	2.137000000000E+2
5.215249266862E+2	2.229666666667E+2
5.215542521994E+2	2.328000000000E+2
5.215835777126E+2	2.252000000000E+2
5.216129032258E+2	2.181000000000E+2
5.216422287390E+2	2.164666666667E+2
5.216715542522E+2	2.228333333333E+2
5.217008797654E+2	2.297000000000E+2
5.217302052786E+2	2.282000000000E+2
5.217595307918E+2	2.272000000000E+2
5.217888563050E+2	2.109333333333E+2
5.218181818182E+2	2.133000000000E+2
5.218475073314E+2	2.160333333333E+2
5.218768328446E+2	2.136333333333E+2
5.219061583578E+2	2.117666666667E+2
5.219354838710E+2	2.173000000000E+2
5.219648093842E+2	2.233666666667E+2
5.219941348974E+2	2.131666666667E+2
5.220234604106E+2	2.177333333333E+2
5.220527859238E+2	2.226666666667E+2
5.220821114370E+2	2.155333333333E+2
5.221114369501E+2	2.089333333333E+2
5.221407624633E+2	2.160000000000E+2
5.221700879765E+2	2.039333333333E+2
5.221994134897E+2	1.923666666667E+2
5.222287390029E+2	1.981666666667E+2
5.222580645161E+2	2.044666666667E+2
5.222873900293E+2	1.992000000000E+2
5.223167155425E+2	1.962333333333E+2
5.223460410557E+2	1.936333333333E+2
5.223753665689E+2	1.873333333333E+2
5.224046920821E+2	1.815333333333E+2
5.224340175953E+2	1.775000000000E+2
5.224633431085E+2	1.746000000000E+2
5.224926686217E+2	1.721000000000E+2
5.225219941349E+2	1.813000000000E+2
5.225513196481E+2	1.909333333333E+2
5.225806451613E+2	1.848000000000E+2
5.226099706745E+2	1.792666666667E+2
5.226392961877E+2	1.725333333333E+2
5.226686217009E+2	1.727000000000E+2
5.226979472141E+2	1.734666666667E+2
5.227272727273E+2	1.671000000000E+2
5.227565982405E+2	1.613333333333E+2
5.227859237537E+2	1.493666666667E+2
5.228152492669E+2	1.516000000000E+2
5.228445747801E+2	1.543666666667E+2
5.228739002933E+2	1.508333333333E+2
5.229032258065E+2	1.478333333333E+2
5.229325513196E+2	1.512000000000E+2
5.229618768328E+2	1.445000000000E+2
5.229912023460E+2	1.382333333333E+2
5.230205278592E+2	1.420000000000E+2
5.230498533724E+2	1.462333333333E+2
5.230791788856E+2	1.341666666667E+2
5.231085043988E+2	1.353333333333E+2
5.231378299120E+2	1.370000000000E+2
5.231671554252E+2	1.289666666667E+2
5.231964809384E+2	1.214000000000E+2
5.232258064516E+2	1.222000000000E+2
5.232551319648E+2	1.235666666667E+2
5.232844574780E+2	1.060666666667E+2
5.233137829912E+2	1.159000000000E+2
5.233431085044E+2	1.264000000000E+2
5.233724340176E+2	1.135333333333E+2
5.234017595308E+2	1.010000000000E+2
5.234310850440E+2	1.081333333333E+2
5.234604105572E+2	1.034333333333E+2
5.234897360704E+2	9.910000000000E+1
5.235190615836E+2	1.012000000000E+2
5.235483870968E+2	1.040666666667E+2
5.235777126100E+2	9.613333333333E+1
5.236070381232E+2	9.593333333333E+1
5.236363636364E+2	9.623333333333E+1
5.236656891496E+2	9.080000000000E+1
5.236950146628E+2	8.583333333333E+1
5.237243401760E+2	8.493333333333E+1
5.237536656891E+2	8.453333333333E+1
5.237829912023E+2	7.950000000000E+1
5.238123167155E+2	8.563333333333E+1
5.238416422287E+2	9.346666666667E+1
5.238709677419E+2	8.400000000000E+1
5.239002932551E+2	7.510000000000E+1
5.239296187683E+2	7.726666666667E+1
5.239589442815E+2	7.313333333333E+1
5.239882697947E+2	6.946666666667E+1
5.240175953079E+2	7.586666666667E+1
5.240469208211E+2	8.263333333333E+1
5.240762463343E+2	6.640000000000E+1
5.241055718475E+2	6.853333333333E+1
5.241348973607E+2	7.156666666667E+1
5.241642228739E+2	6.240000000000E+1
5.241935483871E+2	5.493333333333E+1
5.242228739003E+2	5.693333333333E+1
5.242521994135E+2	5.883333333333E+1
5.242815249267E+2	6.266666666667E+1
5.243108504399E+2	5.906666666667E+1
5.243401759531E+2	5.663333333333E+1
5.243695014663E+2	5.580000000000E+1
5.243988269795E+2	5.810000000000E+1
5.244281524927E+2	5.120000000000E+1
5.244574780059E+2	4.820000000000E+1
5.244868035191E+2	4.733333333333E+1
5.245161290323E+2	4.413333333333E+1
5.245454545455E+2	4.323333333333E+1
5.245747800587E+2	4.813333333333E+1
5.246041055718E+2	4.463333333333E+1
5.246334310850E+2	4.403333333333E+1
5.246627565982E+2	3.826666666667E+1
5.246920821114E+2	3.590000000000E+1
5.247214076246E+2	2.790000000000E+1
5.247507331378E+2	2.796666666667E+1
5.247800586510E+2	3.130000000000E+1
5.248093841642E+2	3.040000000000E+1
5.248387096774E+2	3.236666666667E+1
5.248680351906E+2	1.910000000000E+1
5.248973607038E+2	1.990000000000E+1
5.249266862170E+2	2.696666666667E+1
5.249560117302E+2	2.146666666667E+1
5.249853372434E+2	2.330000000000E+1
5.250146627566E+2	1.886666666667E+1
5.250439882698E+2	2.200000000000E+1
5.250733137830E+2	2.666666666667E+1
5.251026392962E+2	2.053333333333E+1
5.251319648094E+2	2.186666666667E+1
5.251612903226E+2	1.970000000000E+1
5.251906158358E+2	2.033333333333E+1
5.252199413490E+2	3.146666666667E+1
5.252492668622E+2	2.326666666667E+1
5.252785923754E+2	2.166666666667E+1
5.253079178886E+2	1.533333333333E+1
5.253372434018E+2	1.893333333333E+1
5.253665689150E+2	1.623333333333E+1
5.253958944282E+2	1.390000000000E+1
5.254252199413E+2	1.986666666667E+1
5.254545454545E+2	1.256666666667E+1
5.254838709677E+2	1.470000000000E+1
5.255131964809E+2	1.716666666667E+1
5.255425219941E+2	1.570000000000E+1
5.255718475073E+2	1.943333333333E+1
5.256011730205E+2	1.603333333333E+1
5.256304985337E+2	2.110000000000E+1
5.256598240469E+2	1.546666666667E+1
5.256891495601E+2	1.906666666667E+1
5.257184750733E+2	2.606666666667E+1
5.257478005865E+2	1.493333333333E+1
5.257771260997E+2	1.293333333333E+1
5.258064516129E+2	1.193333333333E+1
5.258357771261E+2	2.206666666667E+1
5.258651026393E+2	9.366666666667E+0
5.258944281525E+2	1.150000000000E+1
5.259237536657E+2	2.000000000000E+1
5.259530791789E+2	1.126666666667E+1
5.259824046921E+2	8.133333333333E+0
5.260117302053E+2	1.730000000000E+1
5.260410557185E+2	1.256666666667E+1
5.260703812317E+2	1.616666666667E+1
5.260997067449E+2	1.060000000000E+1
5.261290322581E+2	1.193333333333E+1
5.261583577713E+2	2.573333333333E+1
5.261876832845E+2	2.233333333333E+1
5.262170087977E+2	2.436666666667E+1
5.262463343109E+2	1.086666666667E+1
5.262756598240E+2	6.366666666667E+0
5.263049853372E+2	9.533333333333E+0
5.263343108504E+2	1.906666666667E+1
5.263636363636E+2	1.603333333333E+1
5.263929618768E+2	1.393333333333E+1
5.264222873900E+2	1.623333333333E+1
5.264516129032E+2	1.250000000000E+1
5.264809384164E+2	1.430000000000E+1
5.265102639296E+2	2.353333333333E+1
5.265395894428E+2	2.070000000000E+1
5.265689149560E+2	2.230000000000E+1
5.265982404692E+2	1.733333333333E+1
5.266275659824E+2	1.810000000000E+1
5.266568914956E+2	1.556666666667E+1
5.266862170088E+2	1.506666666667E+1
5.267155425220E+2	2.210000000000E+1
5.267448680352E+2	1.350000000000E+1
5.267741935484E+2	1.313333333333E+1
5.268035190616E+2	1.910000000000E+1
5.268328445748E+2	1.283333333333E+1
5.268621700880E+2	1.370000000000E+1
5.268914956012E+2	1.276666666667E+1
5.269208211144E+2	1.930000000000E+1
5.269501466276E+2	1.280000000000E+1
5.269794721408E+2	1.493333333333E+1
5.270087976540E+2	1.763333333333E+1
5.270381231672E+2	1.686666666667E+1
5.270674486804E+2	2.723333333333E+1
5.270967741935E+2	1.526666666667E+1
5.271260997067E+2	1.513333333333E+1
5.271554252199E+2	1.583333333333E+1
5.271847507331E+2	8.566666666667E+0
5.272140762463E+2	1.276666666667E+1
5.272434017595E+2	8.400000000000E+0
5.272727272727E+2	1.293333333333E+1
5.273020527859E+2	1.093333333333E+1
5.273313782991E+2	5.800000000000E+0
5.273607038123E+2	1.173333333333E+1
5.273900293255E+2	6.166666666667E+0
5.274193548387E+2	1.016666666667E+1
5.274486803519E+2	1.610000000000E+1
5.274780058651E+2	1.480000000000E+1
5.275073313783E+2	2.000000000000E+1
5.275366568915E+2	1.750000000000E+1
5.275659824047E+2	2.226666666667E+1
5.275953079179E+2	1.380000000000E+1
5.276246334311E+2	1.813333333333E+1
5.276539589443E+2	2.083333333333E+1
5.276832844575E+2	1.660000000000E+1
5.277126099707E+2	2.206666666667E+1
5.277419354839E+2	1.623333333333E+1
5.277712609971E+2	1.840000000000E+1
5.278005865103E+2	2.520000000000E+1
5.278299120235E+2	1.723333333333E+1
5.278592375367E+2	1.536666666667E+1
5.278885630499E+2	1.386666666667E+1
5.279178885630E+2	1.863333333333E+1
5.279472140762E+2	2.286666666667E+1
5.279765395894E+2	1.630000000000E+1
5.280058651026E+2	2.090000000000E+1
5.280351906158E+2	1.746666666667E+1
5.280645161290E+2	2.483333333333E+1
5.280938416422E+2	7.000000000000E+0
5.281231671554E+2	7.633333333333E+0
5.281524926686E+2	1.280000000000E+1
5.281818181818E+2	1.460000000000E+1
5.282111436950E+2	2.043333333333E+1
5.282404692082E+2	1.313333333333E+1
5.282697947214E+2	1.236666666667E+1
5.282991202346E+2	1.883333333333E+1
5.283284457478E+2	1.406666666667E+1
5.283577712610E+2	1.440000000000E+1
5.283870967742E+2	1.236666666667E+1
5.284164222874E+2	2.196666666667E+1
5.284457478006E+2	2.543333333333E+1
5.284750733138E+2	1.350000000000E+1
5.285043988270E+2	1.076666666667E+1
5.285337243402E+2	9.966666666667E+0
5.285630498534E+2	1.473333333333E+1
5.285923753666E+2	1.760000000000E+1
5.286217008798E+2	1.596666666667E+1
5.286510263930E+2	1.910000000000E+1
5.286803519062E+2	1.710000000000E+1
5.287096774194E+2	1.783333333333E+1
5.287390029326E+2	1.763333333333E+1
5.287683284457E+2	1.376666666667E+1
5.287976539589E+2	1.520000000000E+1
5.288269794721E+2	1.246666666667E+1
5.288563049853E+2	1.520000000000E+1
5.288856304985E+2	2.776666666667E+1
5.289149560117E+2	1.536666666667E+1
5.289442815249E+2	1.506666666667E+1
5.289736070381E+2	1.183333333333E+1
5.290029325513E+2	1.606666666667E+1
5.290322580645E+2	1.346666666667E+1
5.290615835777E+2	1.836666666667E+1
5.290909090909E+2	2.383333333333E+1
5.291202346041E+2	1.693333333333E+1
5.291495601173E+2	1.716666666667E+1
5.291788856305E+2	1.116666666667E+1
5.292082111437E+2	9.066666666667E+0
5.292375366569E+2	1.726666666667E+1
5.292668621701E+2	1.556666666667E+1
5.292961876833E+2	2.286666666667E+1
5.293255131965E+2	1.590000000000E+1
5.293548387097E+2	1.856666666667E+1
5.293841642229E+2	1.306666666667E+1
5.294134897361E+2	7.800000000000E+0
5.294428152493E+2	1.300000000000E+1
5.294721407625E+2	8.633333333333E+0
5.295014662757E+2	1.513333333333E+1
5.295307917889E+2	1.990000000000E+1
5.295601173021E+2	1.413333333333E+1
5.295894428152E+2	1.490000000000E+1
5.296187683284E+2	1.153333333333E+1
5.296480938416E+2	1.276666666667E+1
5.296774193548E+2	1.253333333333E+1
5.297067448680E+2	1.866666666667E+1
5.297360703812E+2	1.016666666667E+1
5.297653958944E+2	7.033333333333E+0
5.297947214076E+2	1.016666666667E+1
5.298240469208E+2	9.266666666667E+0
5.298533724340E+2	1.393333333333E+1
5.298826979472E+2	1.686666666667E+1
5.299120234604E+2	1.420000000000E+1
5.299413489736E+2	1.676666666667E+1
5.299706744868E+2	1.393333333333E+1
5.300000000000E+2	1.750000000000E+1
