Wavelength	Intensity
5.000000000000E+2	1.556000000000E+1
5.000293255132E+2	1.280000000000E+1
5.000586510264E+2	1.555000000000E+1
5.000879765396E+2	1.808000000000E+1
5.001173020528E+2	1.191000000000E+1
5.001466275660E+2	1.457000000000E+1
5.001759530792E+2	1.032000000000E+1
5.002052785924E+2	1.483000000000E+1
5.002346041056E+2	1.660000000000E+1
5.002639296188E+2	1.384000000000E+1
5.002932551320E+2	1.849000000000E+1
5.003225806452E+2	1.035000000000E+1
5.003519061584E+2	1.157000000000E+1
5.003812316716E+2	1.081000000000E+1
5.004105571848E+2	1.642000000000E+1
5.004398826979E+2	1.246000000000E+1
5.004692082111E+2	1.058000000000E+1
5.004985337243E+2	1.432000000000E+1
5.005278592375E+2	1.058000000000E+1
5.005571847507E+2	1.629000000000E+1
5.005865102639E+2	1.227000000000E+1
5.006158357771E+2	9.220000000000E+0
5.006451612903E+2	1.492000000000E+1
5.006744868035E+2	1.148000000000E+1
5.007038123167E+2	1.728000000000E+1
5.007331378299E+2	1.693000000000E+1
5.007624633431E+2	1.112000000000E+1
5.007917888563E+2	1.656000000000E+1
5.008211143695E+2	1.311000000000E+1
5.008504398827E+2	1.866000000000E+1
5.008797653959E+2	1.263000000000E+1
5.009090909091E+2	1.546000000000E+1
5.009384164223E+2	1.371000000000E+1
5.009677419355E+2	1.151000000000E+1
5.009970674487E+2	1.646000000000E+1
5.010263929619E+2	1.210000000000E+1
5.010557184751E+2	1.574000000000E+1
5.010850439883E+2	1.641000000000E+1
5.011143695015E+2	1.319000000000E+1
5.011436950147E+2	1.833000000000E+1
5.011730205279E+2	1.073000000000E+1
5.012023460411E+2	1.423000000000E+1
5.012316715543E+2	1.864000000000E+1
5.012609970674E+2	1.237000000000E+1
5.012903225806E+2	1.415000000000E+1
5.013196480938E+2	1.063000000000E+1
5.013489736070E+2	1.369000000000E+1
5.013782991202E+2	9.650000000000E+0
5.014076246334E+2	1.407000000000E+1
5.014369501466E+2	2.017000000000E+1
5.014662756598E+2	1.449000000000E+1
5.014956011730E+2	1.692000000000E+1
5.015249266862E+2	1.305000000000E+1
5.015542521994E+2	1.571000000000E+1
5.015835777126E+2	1.332000000000E+1
5.016129032258E+2	1.342000000000E+1
5.016422287390E+2	1.951000000000E+1
5.016715542522E+2	1.378000000000E+1
5.017008797654E+2	1.631000000000E+1
5.017302052786E+2	1.330000000000E+1
5.017595307918E+2	1.092000000000E+1
5.017888563050E+2	1.609000000000E+1
5.018181818182E+2	1.141000000000E+1
5.018475073314E+2	1.452000000000E+1
5.018768328446E+2	1.008000000000E+1
5.019061583578E+2	1.373000000000E+1
5.019354838710E+2	1.643000000000E+1
5.019648093842E+2	1.051000000000E+1
5.019941348974E+2	1.131000000000E+1
5.020234604106E+2	6.380000000000E+0
5.020527859238E+2	1.096000000000E+1
5.020821114370E+2	1.436000000000E+1
5.021114369501E+2	9.900000000000E+0
5.021407624633E+2	1.336000000000E+1
5.021700879765E+2	1.221000000000E+1
5.021994134897E+2	1.852000000000E+1
5.022287390029E+2	1.466000000000E+1
5.022580645161E+2	1.159000000000E+1
5.022873900293E+2	1.650000000000E+1
5.023167155425E+2	1.166000000000E+1
5.023460410557E+2	1.351000000000E+1
5.023753665689E+2	1.048000000000E+1
5.024046920821E+2	1.613000000000E+1
5.024340175953E+2	1.511000000000E+1
5.024633431085E+2	1.115000000000E+1
5.024926686217E+2	1.607000000000E+1
5.025219941349E+2	1.098000000000E+1
5.025513196481E+2	1.457000000000E+1
5.025806451613E+2	1.760000000000E+1
5.026099706745E+2	1.220000000000E+1
5.026392961877E+2	1.575000000000E+1
5.026686217009E+2	1.212000000000E+1
5.026979472141E+2	1.618000000000E+1
5.027272727273E+2	1.365000000000E+1
5.027565982405E+2	1.045000000000E+1
5.027859237537E+2	1.609000000000E+1
5.028152492669E+2	1.208000000000E+1
5.028445747801E+2	1.523000000000E+1
5.028739002933E+2	1.159000000000E+1
5.029032258065E+2	1.521000000000E+1
5.029325513196E+2	1.598000000000E+1
5.029618768328E+2	1.167000000000E+1
5.029912023460E+2	1.435000000000E+1
5.030205278592E+2	1.105000000000E+1
5.030498533724E+2	1.685000000000E+1
5.030791788856E+2	1.576000000000E+1
5.031085043988E+2	1.108000000000E+1
5.031378299120E+2	1.410000000000E+1
5.031671554252E+2	9.410000000000E+0
5.031964809384E+2	1.287000000000E+1
5.032258064516E+2	1.244000000000E+1
5.032551319648E+2	1.281000000000E+1
5.032844574780E+2	1.936000000000E+1
5.033137829912E+2	1.350000000000E+1
5.033431085044E+2	1.608000000000E+1
5.033724340176E+2	1.136000000000E+1
5.034017595308E+2	1.595000000000E+1
5.034310850440E+2	1.361000000000E+1
5.034604105572E+2	9.420000000000E+0
5.034897360704E+2	1.344000000000E+1
5.035190615836E+2	7.580000000000E+0
5.035483870968E+2	1.099000000000E+1
5.035777126100E+2	1.653000000000E+1
5.036070381232E+2	1.171000000000E+1
5.036363636364E+2	1.773000000000E+1
5.036656891496E+2	1.303000000000E+1
5.036950146628E+2	1.649000000000E+1
5.037243401760E+2	1.352000000000E+1
5.037536656891E+2	9.300000000000E+0
5.037829912023E+2	1.307000000000E+1
5.038123167155E+2	1.091000000000E+1
5.038416422287E+2	1.645000000000E+1
5.038709677419E+2	1.222000000000E+1
5.039002932551E+2	1.674000000000E+1
5.039296187683E+2	1.440000000000E+1
5.039589442815E+2	1.121000000000E+1
5.039882697947E+2	1.548000000000E+1
5.040175953079E+2	1.169000000000E+1
5.040469208211E+2	1.454000000000E+1
5.040762463343E+2	1.772000000000E+1
5.041055718475E+2	1.148000000000E+1
5.041348973607E+2	1.266000000000E+1
5.041642228739E+2	1.030000000000E+1
5.041935483871E+2	1.595000000000E+1
5.042228739003E+2	1.051000000000E+1
5.042521994135E+2	8.760000000000E+0
5.042815249267E+2	1.620000000000E+1
5.043108504399E+2	1.174000000000E+1
5.043401759531E+2	1.439000000000E+1
5.043695014663E+2	1.093000000000E+1
5.043988269795E+2	1.314000000000E+1
5.044281524927E+2	1.419000000000E+1
5.044574780059E+2	1.074000000000E+1
5.044868035191E+2	1.522000000000E+1
5.045161290323E+2	1.035000000000E+1
5.045454545455E+2	1.478000000000E+1
5.045747800587E+2	1.756000000000E+1
5.046041055718E+2	1.101000000000E+1
5.046334310850E+2	1.305000000000E+1
5.046627565982E+2	9.140000000000E+0
5.046920821114E+2	1.490000000000E+1
5.047214076246E+2	1.833000000000E+1
5.047507331378E+2	1.160000000000E+1
5.047800586510E+2	1.412000000000E+1
5.048093841642E+2	1.035000000000E+1
5.048387096774E+2	1.339000000000E+1
5.048680351906E+2	7.590000000000E+0
5.048973607038E+2	9.630000000000E+0
5.049266862170E+2	1.438000000000E+1
5.049560117302E+2	1.020000000000E+1
5.049853372434E+2	1.400000000000E+1
5.050146627566E+2	1.105000000000E+1
5.050439882698E+2	1.673000000000E+1
5.050733137830E+2	1.347000000000E+1
5.051026392962E+2	7.580000000000E+0
5.051319648094E+2	1.156000000000E+1
5.051612903226E+2	9.580000000000E+0
5.051906158358E+2	1.474000000000E+1
5.052199413490E+2	1.728000000000E+1
5.052492668622E+2	1.233000000000E+1
5.052785923754E+2	1.812000000000E+1
5.053079178886E+2	1.181000000000E+1
5.053372434018E+2	1.351000000000E+1
5.053665689150E+2	1.095000000000E+1
5.053958944282E+2	1.802000000000E+1
5.054252199413E+2	1.319000000000E+1
5.054545454545E+2	1.019000000000E+1
5.054838709677E+2	1.508000000000E+1
5.055131964809E+2	1.186000000000E+1
5.055425219941E+2	1.642000000000E+1
5.055718475073E+2	1.277000000000E+1
5.056011730205E+2	9.570000000000E+0
5.056304985337E+2	1.645000000000E+1
5.056598240469E+2	1.322000000000E+1
5.056891495601E+2	1.752000000000E+1
5.057184750733E+2	1.818000000000E+1
5.057478005865E+2	1.371000000000E+1
5.057771260997E+2	1.546000000000E+1
5.058064516129E+2	1.388000000000E+1
5.058357771261E+2	1.841000000000E+1
5.058651026393E+2	1.315000000000E+1
5.058944281525E+2	1.901000000000E+1
5.059237536657E+2	1.819000000000E+1
5.059530791789E+2	1.332000000000E+1
5.059824046921E+2	1.717000000000E+1
5.060117302053E+2	1.430000000000E+1
5.060410557185E+2	1.796000000000E+1
5.060703812317E+2	1.726000000000E+1
5.060997067449E+2	1.518000000000E+1
5.061290322581E+2	2.014000000000E+1
5.061583577713E+2	1.628000000000E+1
5.061876832845E+2	1.900000000000E+1
5.062170087977E+2	1.869000000000E+1
5.062463343109E+2	1.501000000000E+1
5.062756598240E+2	1.906000000000E+1
5.063049853372E+2	1.466000000000E+1
5.063343108504E+2	1.808000000000E+1
5.063636363636E+2	1.611000000000E+1
5.063929618768E+2	2.073000000000E+1
5.064222873900E+2	1.980000000000E+1
5.064516129032E+2	1.571000000000E+1
5.064809384164E+2	1.853000000000E+1
5.065102639296E+2	1.700000000000E+1
5.065395894428E+2	2.286000000000E+1
5.065689149560E+2	1.753000000000E+1
5.065982404692E+2	1.753000000000E+1
5.066275659824E+2	2.513000000000E+1
5.066568914956E+2	1.842000000000E+1
5.066862170088E+2	1.794000000000E+1
5.067155425220E+2	2.288000000000E+1
5.067448680352E+2	1.983000000000E+1
5.067741935484E+2	2.494000000000E+1
5.068035190616E+2	2.100000000000E+1
5.068328445748E+2	2.247000000000E+1
5.068621700880E+2	1.946000000000E+1
5.068914956012E+2	2.094000000000E+1
5.069208211144E+2	2.582000000000E+1
5.069501466276E+2	2.283000000000E+1
5.069794721408E+2	2.700000000000E+1
5.070087976540E+2	2.487000000000E+1
5.070381231672E+2	2.956000000000E+1
5.070674486804E+2	3.090000000000E+1
5.070967741935E+2	2.666000000000E+1
5.071260997067E+2	2.948000000000E+1
5.071554252199E+2	2.562000000000E+1
5.071847507331E+2	2.980000000000E+1
5.072140762463E+2	3.019000000000E+1
5.072434017595E+2	3.062000000000E+1
5.072727272727E+2	3.701000000000E+1
5.073020527859E+2	3.063000000000E+1
5.073313782991E+2	2.904000000000E+1
5.073607038123E+2	2.647000000000E+1
5.073900293255E+2	2.810000000000E+1
5.074193548387E+2	3.199000000000E+1
5.074486803519E+2	2.922000000000E+1
5.074780058651E+2	3.258000000000E+1
5.075073313783E+2	3.032000000000E+1
5.075366568915E+2	3.479000000000E+1
5.075659824047E+2	3.410000000000E+1
5.075953079179E+2	3.270000000000E+1
5.076246334311E+2	3.575000000000E+1
5.076539589443E+2	3.104000000000E+1
5.076832844575E+2	3.277000000000E+1
5.077126099707E+2	3.925000000000E+1
5.077419354839E+2	3.555000000000E+1
5.077712609971E+2	3.608000000000E+1
5.078005865103E+2	3.298000000000E+1
5.078299120235E+2	3.387000000000E+1
5.078592375367E+2	3.633000000000E+1
5.078885630499E+2	3.579000000000E+1
5.079178885630E+2	4.192000000000E+1
5.079472140762E+2	3.643000000000E+1
5.079765395894E+2	3.531000000000E+1
5.080058651026E+2	3.617000000000E+1
5.080351906158E+2	4.036000000000E+1
5.080645161290E+2	4.054000000000E+1
5.080938416422E+2	3.663000000000E+1
5.081231671554E+2	3.676000000000E+1
5.081524926686E+2	3.952000000000E+1
5.081818181818E+2	4.583000000000E+1
5.082111436950E+2	4.162000000000E+1
5.082404692082E+2	4.213000000000E+1
5.082697947214E+2	4.630000000000E+1
5.082991202346E+2	4.546000000000E+1
5.083284457478E+2	4.816000000000E+1
5.083577712610E+2	5.037000000000E+1
5.083870967742E+2	4.801000000000E+1
5.084164222874E+2	4.857000000000E+1
5.084457478006E+2	4.230000000000E+1
5.084750733138E+2	3.888000000000E+1
5.085043988270E+2	4.136000000000E+1
5.085337243402E+2	4.650000000000E+1
5.085630498534E+2	4.780000000000E+1
5.085923753666E+2	4.747000000000E+1
5.086217008798E+2	4.915000000000E+1
5.086510263930E+2	4.578000000000E+1
5.086803519062E+2	4.430000000000E+1
5.087096774194E+2	4.908000000000E+1
5.087390029326E+2	5.018000000000E+1
5.087683284457E+2	5.255000000000E+1
5.087976539589E+2	5.402000000000E+1
5.088269794721E+2	5.659000000000E+1
5.088563049853E+2	5.387000000000E+1
5.088856304985E+2	5.347000000000E+1
5.089149560117E+2	5.772000000000E+1
5.089442815249E+2	5.732000000000E+1
5.089736070381E+2	5.927000000000E+1
5.090029325513E+2	5.875000000000E+1
5.090322580645E+2	5.941000000000E+1
5.090615835777E+2	5.381000000000E+1
5.090909090909E+2	5.800000000000E+1
5.091202346041E+2	6.348000000000E+1
5.091495601173E+2	6.208000000000E+1
5.091788856305E+2	6.218000000000E+1
5.092082111437E+2	6.671000000000E+1
5.092375366569E+2	5.971000000000E+1
5.092668621701E+2	5.495000000000E+1
5.092961876833E+2	5.840000000000E+1
5.093255131965E+2	6.409000000000E+1
5.093548387097E+2	5.901000000000E+1
5.093841642229E+2	5.827000000000E+1
5.094134897361E+2	5.964000000000E+1
5.094428152493E+2	6.322000000000E+1
5.094721407625E+2	6.832000000000E+1
5.095014662757E+2	6.846000000000E+1
5.095307917889E+2	7.025000000000E+1
5.095601173021E+2	6.853000000000E+1
5.095894428152E+2	7.158000000000E+1
5.096187683284E+2	7.580000000000E+1
5.096480938416E+2	7.201000000000E+1
5.096774193548E+2	6.928000000000E+1
5.097067448680E+2	7.844000000000E+1
5.097360703812E+2	7.591000000000E+1
5.097653958944E+2	7.430000000000E+1
5.097947214076E+2	7.604000000000E+1
5.098240469208E+2	7.864000000000E+1
5.098533724340E+2	8.195000000000E+1
5.098826979472E+2	8.041000000000E+1
5.099120234604E+2	7.981000000000E+1
5.099413489736E+2	8.138000000000E+1
5.099706744868E+2	8.370000000000E+1
5.100000000000E+2	8.294000000000E+1
5.100293255132E+2	8.301000000000E+1
5.100586510264E+2	9.017000000000E+1
5.100879765396E+2	9.156000000000E+1
5.101173020528E+2	9.383000000000E+1
5.101466275660E+2	9.376000000000E+1
5.101759530792E+2	9.464000000000E+1
5.102052785924E+2	8.899000000000E+1
5.102346041056E+2	9.217000000000E+1
5.102639296188E+2	9.586000000000E+1
5.102932551320E+2	9.687000000000E+1
5.103225806452E+2	9.835000000000E+1
5.103519061584E+2	9.975000000000E+1
5.103812316716E+2	1.022000000000E+2
5.104105571848E+2	1.051500000000E+2
5.104398826979E+2	1.051400000000E+2
5.104692082111E+2	1.056500000000E+2
5.104985337243E+2	1.068700000000E+2
5.105278592375E+2	1.085700000000E+2
5.105571847507E+2	1.113500000000E+2
5.105865102639E+2	1.141200000000E+2
5.106158357771E+2	1.173100000000E+2
5.106451612903E+2	1.184600000000E+2
5.106744868035E+2	1.201600000000E+2
5.107038123167E+2	1.187400000000E+2
5.107331378299E+2	1.203100000000E+2
5.107624633431E+2	1.223600000000E+2
5.107917888563E+2	1.196500000000E+2
5.108211143695E+2	1.174400000000E+2
5.108504398827E+2	1.263400000000E+2
5.108797653959E+2	1.232900000000E+2
5.109090909091E+2	1.207400000000E+2
5.109384164223E+2	1.236700000000E+2
5.109677419355E+2	1.271200000000E+2
5.109970674487E+2	1.386200000000E+2
5.110263929619E+2	1.345700000000E+2
5.110557184751E+2	1.309900000000E+2
5.110850439883E+2	1.364700000000E+2
5.111143695015E+2	1.424200000000E+2
5.111436950147E+2	1.399600000000E+2
5.111730205279E+2	1.379100000000E+2
5.112023460411E+2	1.389200000000E+2
5.112316715543E+2	1.411800000000E+2
5.112609970674E+2	1.439100000000E+2
5.112903225806E+2	1.409200000000E+2
5.113196480938E+2	1.383700000000E+2
5.113489736070E+2	1.432800000000E+2
5.113782991202E+2	1.410200000000E+2
5.114076246334E+2	1.392800000000E+2
5.114369501466E+2	1.394400000000E+2
5.114662756598E+2	1.401000000000E+2
5.114956011730E+2	1.424500000000E+2
5.115249266862E+2	1.401100000000E+2
5.115542521994E+2	1.382000000000E+2
5.115835777126E+2	1.402900000000E+2
5.116129032258E+2	1.430200000000E+2
5.116422287390E+2	1.377300000000E+2
5.116715542522E+2	1.329100000000E+2
5.117008797654E+2	1.356100000000E+2
5.117302052786E+2	1.383800000000E+2
5.117595307918E+2	1.417300000000E+2
5.117888563050E+2	1.409200000000E+2
5.118181818182E+2	1.406000000000E+2
5.118475073314E+2	1.324000000000E+2
5.118768328446E+2	1.316600000000E+2
5.119061583578E+2	1.314400000000E+2
5.119354838710E+2	1.318200000000E+2
5.119648093842E+2	1.326100000000E+2
5.119941348974E+2	1.311000000000E+2
5.120234604106E+2	1.264400000000E+2
5.120527859238E+2	1.223200000000E+2
5.120821114370E+2	1.213900000000E+2
5.121114369501E+2	1.209800000000E+2
5.121407624633E+2	1.173500000000E+2
5.121700879765E+2	1.142300000000E+2
5.121994134897E+2	1.185500000000E+2
5.122287390029E+2	1.101900000000E+2
5.122580645161E+2	1.022800000000E+2
5.122873900293E+2	1.027000000000E+2
5.123167155425E+2	1.036400000000E+2
5.123460410557E+2	9.285000000000E+1
5.123753665689E+2	8.917000000000E+1
5.124046920821E+2	8.601000000000E+1
5.124340175953E+2	8.462000000000E+1
5.124633431085E+2	8.379000000000E+1
5.124926686217E+2	7.809000000000E+1
5.125219941349E+2	7.495000000000E+1
5.125513196481E+2	7.348000000000E+1
5.125806451613E+2	6.927000000000E+1
5.126099706745E+2	6.661000000000E+1
5.126392961877E+2	6.303000000000E+1
5.126686217009E+2	6.019000000000E+1
5.126979472141E+2	5.928000000000E+1
5.127272727273E+2	5.183000000000E+1
5.127565982405E+2	4.647000000000E+1
5.127859237537E+2	4.701000000000E+1
5.128152492669E+2	5.000000000000E+1
5.128445747801E+2	4.227000000000E+1
5.128739002933E+2	4.135000000000E+1
5.129032258065E+2	4.405000000000E+1
5.129325513196E+2	3.718000000000E+1
5.129618768328E+2	3.528000000000E+1
5.129912023460E+2	2.788000000000E+1
5.130205278592E+2	2.546000000000E+1
5.130498533724E+2	2.718000000000E+1
5.130791788856E+2	2.440000000000E+1
5.131085043988E+2	2.739000000000E+1
5.131378299120E+2	2.820000000000E+1
5.131671554252E+2	2.194000000000E+1
5.131964809384E+2	2.381000000000E+1
5.132258064516E+2	1.522000000000E+1
5.132551319648E+2	1.413000000000E+1
5.132844574780E+2	1.249000000000E+1
5.133137829912E+2	1.793000000000E+1
5.133431085044E+2	1.872000000000E+1
5.133724340176E+2	1.452000000000E+1
5.134017595308E+2	2.034000000000E+1
5.134310850440E+2	1.606000000000E+1
5.134604105572E+2	2.133000000000E+1
5.134897360704E+2	1.706000000000E+1
5.135190615836E+2	1.397000000000E+1
5.135483870968E+2	2.086000000000E+1
5.135777126100E+2	1.740000000000E+1
5.136070381232E+2	2.164000000000E+1
5.136363636364E+2	2.546000000000E+1
5.136656891496E+2	2.219000000000E+1
5.136950146628E+2	2.725000000000E+1
5.137243401760E+2	2.076000000000E+1
5.137536656891E+2	2.144000000000E+1
5.137829912023E+2	1.815000000000E+1
5.138123167155E+2	2.488000000000E+1
5.138416422287E+2	3.007000000000E+1
5.138709677419E+2	2.788000000000E+1
5.139002932551E+2	3.155000000000E+1
5.139296187683E+2	3.223000000000E+1
5.139589442815E+2	3.725000000000E+1
5.139882697947E+2	3.325000000000E+1
5.140175953079E+2	3.552000000000E+1
5.140469208211E+2	4.294000000000E+1
5.140762463343E+2	4.158000000000E+1
5.141055718475E+2	4.388000000000E+1
5.141348973607E+2	4.858000000000E+1
5.141642228739E+2	4.804000000000E+1
5.141935483871E+2	5.089000000000E+1
5.142228739003E+2	4.871000000000E+1
5.142521994135E+2	4.938000000000E+1
5.142815249267E+2	6.161000000000E+1
5.143108504399E+2	5.497000000000E+1
5.143401759531E+2	5.065000000000E+1
5.143695014663E+2	5.357000000000E+1
5.143988269795E+2	5.831000000000E+1
5.144281524927E+2	5.685000000000E+1
5.144574780059E+2	5.737000000000E+1
5.144868035191E+2	5.981000000000E+1
5.145161290323E+2	5.960000000000E+1
5.145454545455E+2	6.058000000000E+1
5.145747800587E+2	5.864000000000E+1
5.146041055718E+2	5.830000000000E+1
5.146334310850E+2	5.279000000000E+1
5.146627565982E+2	4.981000000000E+1
5.146920821114E+2	5.027000000000E+1
5.147214076246E+2	5.183000000000E+1
5.147507331378E+2	5.659000000000E+1
5.147800586510E+2	5.414000000000E+1
5.148093841642E+2	5.190000000000E+1
5.148387096774E+2	5.227000000000E+1
5.148680351906E+2	4.579000000000E+1
5.148973607038E+2	4.261000000000E+1
5.149266862170E+2	4.351000000000E+1
5.149560117302E+2	4.769000000000E+1
5.149853372434E+2	4.176000000000E+1
5.150146627566E+2	3.591000000000E+1
5.150439882698E+2	3.507000000000E+1
5.150733137830E+2	3.609000000000E+1
5.151026392962E+2	4.130000000000E+1
5.151319648094E+2	3.054000000000E+1
5.151612903226E+2	3.067000000000E+1
5.151906158358E+2	3.455000000000E+1
5.152199413490E+2	2.823000000000E+1
5.152492668622E+2	2.749000000000E+1
5.152785923754E+2	2.601000000000E+1
5.153079178886E+2	2.391000000000E+1
5.153372434018E+2	2.953000000000E+1
5.153665689150E+2	2.248000000000E+1
5.153958944282E+2	2.347000000000E+1
5.154252199413E+2	1.982000000000E+1
5.154545454545E+2	2.253000000000E+1
5.154838709677E+2	2.099000000000E+1
5.155131964809E+2	1.641000000000E+1
5.155425219941E+2	2.013000000000E+1
5.155718475073E+2	1.573000000000E+1
5.156011730205E+2	1.948000000000E+1
5.156304985337E+2	2.330000000000E+1
5.156598240469E+2	1.663000000000E+1
5.156891495601E+2	1.883000000000E+1
5.157184750733E+2	1.423000000000E+1
5.157478005865E+2	1.626000000000E+1
5.157771260997E+2	1.607000000000E+1
5.158064516129E+2	1.230000000000E+1
5.158357771261E+2	1.775000000000E+1
5.158651026393E+2	1.232000000000E+1
5.158944281525E+2	1.597000000000E+1
5.159237536657E+2	1.399000000000E+1
5.159530791789E+2	1.030000000000E+1
5.159824046921E+2	1.478000000000E+1
5.160117302053E+2	1.107000000000E+1
5.160410557185E+2	1.642000000000E+1
5.160703812317E+2	1.181000000000E+1
5.160997067449E+2	1.589000000000E+1
5.161290322581E+2	1.460000000000E+1
5.161583577713E+2	1.109000000000E+1
5.161876832845E+2	1.748000000000E+1
5.162170087977E+2	1.307000000000E+1
5.162463343109E+2	1.619000000000E+1
5.162756598240E+2	1.720000000000E+1
5.163049853372E+2	1.319000000000E+1
5.163343108504E+2	1.555000000000E+1
5.163636363636E+2	1.230000000000E+1
5.163929618768E+2	1.675000000000E+1
5.164222873900E+2	1.475000000000E+1
5.164516129032E+2	1.127000000000E+1
5.164809384164E+2	1.630000000000E+1
5.165102639296E+2	1.119000000000E+1
5.165395894428E+2	1.504000000000E+1
5.165689149560E+2	1.220000000000E+1
5.165982404692E+2	1.709000000000E+1
5.166275659824E+2	2.287000000000E+1
5.166568914956E+2	1.810000000000E+1
5.166862170088E+2	2.255000000000E+1
5.167155425220E+2	1.594000000000E+1
5.167448680352E+2	1.679000000000E+1
5.167741935484E+2	1.849000000000E+1
5.168035190616E+2	1.394000000000E+1
5.168328445748E+2	1.745000000000E+1
5.168621700880E+2	1.377000000000E+1
5.168914956012E+2	1.787000000000E+1
5.169208211144E+2	2.003000000000E+1
5.169501466276E+2	1.554000000000E+1
5.169794721408E+2	1.896000000000E+1
5.170087976540E+2	1.482000000000E+1
5.170381231672E+2	1.770000000000E+1
5.170674486804E+2	1.920000000000E+1
5.170967741935E+2	1.460000000000E+1
5.171260997067E+2	1.573000000000E+1
5.171554252199E+2	1.219000000000E+1
5.171847507331E+2	1.568000000000E+1
5.172140762463E+2	1.358000000000E+1
5.172434017595E+2	1.967000000000E+1
5.172727272727E+2	2.557000000000E+1
5.173020527859E+2	1.793000000000E+1
5.173313782991E+2	1.952000000000E+1
5.173607038123E+2	1.679000000000E+1
5.173900293255E+2	2.458000000000E+1
5.174193548387E+2	2.099000000000E+1
5.174486803519E+2	1.861000000000E+1
5.174780058651E+2	2.325000000000E+1
5.175073313783E+2	1.934000000000E+1
5.175366568915E+2	2.224000000000E+1
5.175659824047E+2	1.993000000000E+1
5.175953079179E+2	1.609000000000E+1
5.176246334311E+2	1.973000000000E+1
5.176539589443E+2	1.694000000000E+1
5.176832844575E+2	2.151000000000E+1
5.177126099707E+2	1.521000000000E+1
5.177419354839E+2	1.820000000000E+1
5.177712609971E+2	2.010000000000E+1
5.178005865103E+2	1.673000000000E+1
5.178299120235E+2	2.086000000000E+1
5.178592375367E+2	1.677000000000E+1
5.178885630499E+2	2.125000000000E+1
5.179178885630E+2	2.154000000000E+1
5.179472140762E+2	1.624000000000E+1
5.179765395894E+2	1.889000000000E+1
5.180058651026E+2	1.785000000000E+1
5.180351906158E+2	2.300000000000E+1
5.180645161290E+2	2.123000000000E+1
5.180938416422E+2	1.700000000000E+1
5.181231671554E+2	1.935000000000E+1
5.181524926686E+2	1.540000000000E+1
5.181818181818E+2	1.758000000000E+1
5.182111436950E+2	2.469000000000E+1
5.182404692082E+2	1.931000000000E+1
5.182697947214E+2	2.247000000000E+1
5.182991202346E+2	1.797000000000E+1
5.183284457478E+2	2.134000000000E+1
5.183577712610E+2	1.478000000000E+1
5.183870967742E+2	1.731000000000E+1
5.184164222874E+2	1.714000000000E+1
5.184457478006E+2	1.536000000000E+1
5.184750733138E+2	2.252000000000E+1
5.185043988270E+2	1.766000000000E+1
5.185337243402E+2	2.021000000000E+1
5.185630498534E+2	1.859000000000E+1
5.185923753666E+2	1.405000000000E+1
5.186217008798E+2	1.702000000000E+1
5.186510263930E+2	1.545000000000E+1
5.186803519062E+2	2.250000000000E+1
5.187096774194E+2	2.000000000000E+1
5.187390029326E+2	1.661000000000E+1
5.187683284457E+2	2.128000000000E+1
5.187976539589E+2	1.562000000000E+1
5.188269794721E+2	1.794000000000E+1
5.188563049853E+2	1.294000000000E+1
5.188856304985E+2	9.760000000000E+0
5.189149560117E+2	1.395000000000E+1
5.189442815249E+2	1.432000000000E+1
5.189736070381E+2	2.119000000000E+1
5.190029325513E+2	1.330000000000E+1
5.190322580645E+2	1.281000000000E+1
5.190615835777E+2	2.100000000000E+1
5.190909090909E+2	1.838000000000E+1
5.191202346041E+2	2.384000000000E+1
5.191495601173E+2	1.792000000000E+1
5.191788856305E+2	2.249000000000E+1
5.192082111437E+2	1.970000000000E+1
5.192375366569E+2	1.441000000000E+1
5.192668621701E+2	1.635000000000E+1
5.192961876833E+2	1.068000000000E+1
5.193255131965E+2	1.412000000000E+1
5.193548387097E+2	1.662000000000E+1
5.193841642229E+2	1.339000000000E+1
5.194134897361E+2	1.754000000000E+1
5.194428152493E+2	1.382000000000E+1
5.194721407625E+2	2.001000000000E+1
5.195014662757E+2	1.375000000000E+1
5.195307917889E+2	1.644000000000E+1
5.195601173021E+2	1.699000000000E+1
5.195894428152E+2	1.147000000000E+1
5.196187683284E+2	1.485000000000E+1
5.196480938416E+2	1.287000000000E+1
5.196774193548E+2	1.839000000000E+1
5.197067448680E+2	1.756000000000E+1
5.197360703812E+2	1.554000000000E+1
5.197653958944E+2	2.092000000000E+1
5.197947214076E+2	1.654000000000E+1
5.198240469208E+2	2.031000000000E+1
5.198533724340E+2	1.765000000000E+1
5.198826979472E+2	1.264000000000E+1
5.199120234604E+2	1.738000000000E+1
5.199413489736E+2	1.230000000000E+1
5.199706744868E+2	1.834000000000E+1
5.200000000000E+2	1.860000000000E+1
5.200293255132E+2	1.356000000000E+1
5.200586510264E+2	1.627000000000E+1
5.200879765396E+2	1.324000000000E+1
5.201173020528E+2	2.008000000000E+1
5.201466275660E+2	1.501000000000E+1
5.201759530792E+2	1.782000000000E+1
5.202052785924E+2	2.049000000000E+1
5.202346041056E+2	1.627000000000E+1
5.202639296188E+2	1.960000000000E+1
5.202932551320E+2	1.487000000000E+1
5.203225806452E+2	1.844000000000E+1
5.203519061584E+2	2.034000000000E+1
5.203812316716E+2	1.535000000000E+1
5.204105571848E+2	1.735000000000E+1
5.204398826979E+2	1.603000000000E+1
5.204692082111E+2	2.181000000000E+1
5.204985337243E+2	1.882000000000E+1
5.205278592375E+2	1.538000000000E+1
5.205571847507E+2	2.034000000000E+1
5.205865102639E+2	1.746000000000E+1
5.206158357771E+2	2.135000000000E+1
5.206451612903E+2	2.195000000000E+1
5.206744868035E+2	1.758000000000E+1
5.207038123167E+2	2.092000000000E+1
5.207331378299E+2	1.909000000000E+1
5.207624633431E+2	2.359000000000E+1
5.207917888563E+2	1.890000000000E+1
5.208211143695E+2	2.295000000000E+1
5.208504398827E+2	2.019000000000E+1
5.208797653959E+2	1.733000000000E+1
5.209090909091E+2	2.184000000000E+1
5.209384164223E+2	1.738000000000E+1
5.209677419355E+2	1.847000000000E+1
5.209970674487E+2	2.045000000000E+1
5.210263929619E+2	1.808000000000E+1
5.210557184751E+2	2.440000000000E+1
5.210850439883E+2	1.821000000000E+1
5.211143695015E+2	1.977000000000E+1
5.211436950147E+2	2.159000000000E+1
5.211730205279E+2	1.726000000000E+1
5.212023460411E+2	1.972000000000E+1
5.212316715543E+2	1.760000000000E+1
5.212609970674E+2	2.239000000000E+1
5.212903225806E+2	1.877000000000E+1
5.213196480938E+2	2.428000000000E+1
5.213489736070E+2	2.568000000000E+1
5.213782991202E+2	2.238000000000E+1
5.214076246334E+2	2.818000000000E+1
5.214369501466E+2	2.372000000000E+1
5.214662756598E+2	2.468000000000E+1
5.214956011730E+2	2.623000000000E+1
5.215249266862E+2	2.123000000000E+1
5.215542521994E+2	2.440000000000E+1
5.215835777126E+2	2.062000000000E+1
5.216129032258E+2	2.418000000000E+1
5.216422287390E+2	2.558000000000E+1
5.216715542522E+2	2.185000000000E+1
5.217008797654E+2	2.493000000000E+1
5.217302052786E+2	2.111000000000E+1
5.217595307918E+2	2.456000000000E+1
5.217888563050E+2	2.019000000000E+1
5.218181818182E+2	1.721000000000E+1
5.218475073314E+2	2.239000000000E+1
5.218768328446E+2	1.937000000000E+1
5.219061583578E+2	2.205000000000E+1
5.219354838710E+2	1.665000000000E+1
5.219648093842E+2	1.775000000000E+1
5.219941348974E+2	2.418000000000E+1
5.220234604106E+2	1.927000000000E+1
5.220527859238E+2	2.176000000000E+1
5.220821114370E+2	1.698000000000E+1
5.221114369501E+2	2.037000000000E+1
5.221407624633E+2	2.241000000000E+1
5.221700879765E+2	1.675000000000E+1
5.221994134897E+2	1.916000000000E+1
5.222287390029E+2	2.136000000000E+1
5.222580645161E+2	3.242000000000E+1
5.222873900293E+2	2.633000000000E+1
5.223167155425E+2	1.837000000000E+1
5.223460410557E+2	2.048000000000E+1
5.223753665689E+2	1.594000000000E+1
5.224046920821E+2	1.894000000000E+1
5.224340175953E+2	1.952000000000E+1
5.224633431085E+2	1.737000000000E+1
5.224926686217E+2	2.253000000000E+1
5.225219941349E+2	1.681000000000E+1
5.225513196481E+2	2.050000000000E+1
5.225806451613E+2	1.509000000000E+1
5.226099706745E+2	1.934000000000E+1
5.226392961877E+2	2.111000000000E+1
5.226686217009E+2	1.576000000000E+1
5.226979472141E+2	1.735000000000E+1
5.227272727273E+2	1.302000000000E+1
5.227565982405E+2	1.610000000000E+1
5.227859237537E+2	2.236000000000E+1
5.228152492669E+2	1.851000000000E+1
5.228445747801E+2	2.276000000000E+1
5.228739002933E+2	1.700000000000E+1
5.229032258065E+2	2.259000000000E+1
5.229325513196E+2	1.997000000000E+1
5.229618768328E+2	1.351000000000E+1
5.229912023460E+2	1.545000000000E+1
5.230205278592E+2	1.315000000000E+1
5.230498533724E+2	1.753000000000E+1
5.230791788856E+2	1.478000000000E+1
5.231085043988E+2	1.570000000000E+1
5.231378299120E+2	2.280000000000E+1
5.231671554252E+2	1.632000000000E+1
5.231964809384E+2	1.882000000000E+1
5.232258064516E+2	1.462000000000E+1
5.232551319648E+2	1.716000000000E+1
5.232844574780E+2	1.549000000000E+1
5.233137829912E+2	1.144000000000E+1
5.233431085044E+2	1.787000000000E+1
5.233724340176E+2	1.334000000000E+1
5.234017595308E+2	1.767000000000E+1
5.234310850440E+2	1.844000000000E+1
5.234604105572E+2	1.300000000000E+1
5.234897360704E+2	1.448000000000E+1
5.235190615836E+2	1.312000000000E+1
5.235483870968E+2	2.054000000000E+1
5.235777126100E+2	1.644000000000E+1
5.236070381232E+2	1.111000000000E+1
5.236363636364E+2	1.530000000000E+1
5.236656891496E+2	1.182000000000E+1
5.236950146628E+2	1.808000000000E+1
5.237243401760E+2	1.356000000000E+1
5.237536656891E+2	2.007000000000E+1
5.237829912023E+2	1.588000000000E+1
5.238123167155E+2	1.333000000000E+1
5.238416422287E+2	1.873000000000E+1
5.238709677419E+2	1.591000000000E+1
5.239002932551E+2	1.970000000000E+1
5.239296187683E+2	2.012000000000E+1
5.239589442815E+2	1.471000000000E+1
5.239882697947E+2	1.808000000000E+1
5.240175953079E+2	1.408000000000E+1
5.240469208211E+2	1.758000000000E+1
5.240762463343E+2	1.940000000000E+1
5.241055718475E+2	1.341000000000E+1
5.241348973607E+2	1.472000000000E+1
5.241642228739E+2	1.548000000000E+1
5.241935483871E+2	2.497000000000E+1
5.242228739003E+2	1.661000000000E+1
5.242521994135E+2	1.539000000000E+1
5.242815249267E+2	2.004000000000E+1
5.243108504399E+2	1.552000000000E+1
5.243401759531E+2	1.776000000000E+1
5.243695014663E+2	1.170000000000E+1
5.243988269795E+2	1.478000000000E+1
5.244281524927E+2	1.584000000000E+1
5.244574780059E+2	1.139000000000E+1
5.244868035191E+2	1.658000000000E+1
5.245161290323E+2	1.205000000000E+1
5.245454545455E+2	1.591000000000E+1
5.245747800587E+2	1.807000000000E+1
5.246041055718E+2	1.313000000000E+1
5.246334310850E+2	1.557000000000E+1
5.246627565982E+2	1.303000000000E+1
5.246920821114E+2	2.019000000000E+1
5.247214076246E+2	1.510000000000E+1
5.247507331378E+2	9.930000000000E+0
5.247800586510E+2	1.497000000000E+1
5.248093841642E+2	1.281000000000E+1
5.248387096774E+2	1.913000000000E+1
5.248680351906E+2	1.291000000000E+1
5.248973607038E+2	1.172000000000E+1
5.249266862170E+2	1.889000000000E+1
5.249560117302E+2	1.279000000000E+1
5.249853372434E+2	1.631000000000E+1
5.250146627566E+2	1.217000000000E+1
5.250439882698E+2	1.714000000000E+1
5.250733137830E+2	1.611000000000E+1
5.251026392962E+2	1.023000000000E+1
5.251319648094E+2	1.301000000000E+1
5.251612903226E+2	1.330000000000E+1
5.251906158358E+2	2.108000000000E+1
5.252199413490E+2	1.505000000000E+1
5.252492668622E+2	1.273000000000E+1
5.252785923754E+2	1.991000000000E+1
5.253079178886E+2	1.392000000000E+1
5.253372434018E+2	1.773000000000E+1
5.253665689150E+2	1.492000000000E+1
5.253958944282E+2	1.041000000000E+1
5.254252199413E+2	1.440000000000E+1
5.254545454545E+2	1.523000000000E+1
5.254838709677E+2	2.356000000000E+1
5.255131964809E+2	1.501000000000E+1
5.255425219941E+2	1.132000000000E+1
5.255718475073E+2	1.741000000000E+1
5.256011730205E+2	1.252000000000E+1
5.256304985337E+2	1.463000000000E+1
5.256598240469E+2	1.144000000000E+1
5.256891495601E+2	1.572000000000E+1
5.257184750733E+2	1.585000000000E+1
5.257478005865E+2	1.022000000000E+1
5.257771260997E+2	1.462000000000E+1
5.258064516129E+2	1.100000000000E+1
5.258357771261E+2	1.583000000000E+1
5.258651026393E+2	1.237000000000E+1
5.258944281525E+2	1.060000000000E+1
5.259237536657E+2	1.626000000000E+1
5.259530791789E+2	1.204000000000E+1
5.259824046921E+2	1.591000000000E+1
5.260117302053E+2	1.517000000000E+1
5.260410557185E+2	1.105000000000E+1
5.260703812317E+2	1.488000000000E+1
5.260997067449E+2	9.950000000000E+0
5.261290322581E+2	1.277000000000E+1
5.261583577713E+2	1.308000000000E+1
5.261876832845E+2	1.142000000000E+1
5.262170087977E+2	1.946000000000E+1
5.262463343109E+2	1.386000000000E+1
5.262756598240E+2	1.487000000000E+1
5.263049853372E+2	8.400000000000E+0
5.263343108504E+2	1.082000000000E+1
5.263636363636E+2	1.574000000000E+1
5.263929618768E+2	1.142000000000E+1
5.264222873900E+2	1.367000000000E+1
5.264516129032E+2	1.236000000000E+1
5.264809384164E+2	1.978000000000E+1
5.265102639296E+2	1.730000000000E+1
5.265395894428E+2	1.344000000000E+1
5.265689149560E+2	1.673000000000E+1
5.265982404692E+2	1.187000000000E+1
5.266275659824E+2	1.460000000000E+1
5.266568914956E+2	9.250000000000E+0
5.266862170088E+2	1.068000000000E+1
5.267155425220E+2	1.897000000000E+1
5.267448680352E+2	1.335000000000E+1
5.267741935484E+2	1.693000000000E+1
5.268035190616E+2	1.805000000000E+1
5.268328445748E+2	1.207000000000E+1
5.268621700880E+2	1.538000000000E+1
5.268914956012E+2	1.167000000000E+1
5.269208211144E+2	1.817000000000E+1
5.269501466276E+2	1.244000000000E+1
5.269794721408E+2	1.600000000000E+1
5.270087976540E+2	1.388000000000E+1
5.270381231672E+2	9.810000000000E+0
5.270674486804E+2	1.436000000000E+1
5.270967741935E+2	9.240000000000E+0
5.271260997067E+2	1.417000000000E+1
5.271554252199E+2	1.880000000000E+1
5.271847507331E+2	1.365000000000E+1
5.272140762463E+2	1.673000000000E+1
5.272434017595E+2	1.263000000000E+1
5.272727272727E+2	1.629000000000E+1
5.273020527859E+2	1.437000000000E+1
5.273313782991E+2	1.177000000000E+1
5.273607038123E+2	1.760000000000E+1
5.273900293255E+2	1.194000000000E+1
5.274193548387E+2	1.440000000000E+1
5.274486803519E+2	1.645000000000E+1
5.274780058651E+2	1.302000000000E+1
5.275073313783E+2	1.750000000000E+1
5.275366568915E+2	1.324000000000E+1
5.275659824047E+2	1.598000000000E+1
5.275953079179E+2	1.158000000000E+1
5.276246334311E+2	1.573000000000E+1
5.276539589443E+2	1.475000000000E+1
5.276832844575E+2	1.130000000000E+1
5.277126099707E+2	1.713000000000E+1
5.277419354839E+2	1.343000000000E+1
5.277712609971E+2	1.659000000000E+1
5.278005865103E+2	1.367000000000E+1
5.278299120235E+2	9.550000000000E+0
5.278592375367E+2	1.345000000000E+1
5.278885630499E+2	9.580000000000E+0
5.279178885630E+2	1.365000000000E+1
5.279472140762E+2	1.268000000000E+1
5.279765395894E+2	9.840000000000E+0
5.280058651026E+2	1.294000000000E+1
5.280351906158E+2	8.830000000000E+0
5.280645161290E+2	1.306000000000E+1
5.280938416422E+2	1.837000000000E+1
5.281231671554E+2	1.204000000000E+1
5.281524926686E+2	1.444000000000E+1
5.281818181818E+2	1.136000000000E+1
5.282111436950E+2	1.632000000000E+1
5.282404692082E+2	9.570000000000E+0
5.282697947214E+2	1.364000000000E+1
5.282991202346E+2	1.483000000000E+1
5.283284457478E+2	1.149000000000E+1
5.283577712610E+2	1.562000000000E+1
5.283870967742E+2	1.396000000000E+1
5.284164222874E+2	2.149000000000E+1
5.284457478006E+2	1.318000000000E+1
5.284750733138E+2	1.102000000000E+1
5.285043988270E+2	1.661000000000E+1
5.285337243402E+2	1.171000000000E+1
5.285630498534E+2	1.379000000000E+1
5.285923753666E+2	1.654000000000E+1
5.286217008798E+2	1.146000000000E+1
5.286510263930E+2	1.398000000000E+1
5.286803519062E+2	1.000000000000E+1
5.287096774194E+2	1.370000000000E+1
5.287390029326E+2	1.480000000000E+1
5.287683284457E+2	1.157000000000E+1
5.287976539589E+2	1.766000000000E+1
5.288269794721E+2	1.156000000000E+1
5.288563049853E+2	1.326000000000E+1
5.288856304985E+2	1.824000000000E+1
5.289149560117E+2	1.230000000000E+1
5.289442815249E+2	1.410000000000E+1
5.289736070381E+2	8.750000000000E+0
5.290029325513E+2	1.169000000000E+1
5.290322580645E+2	1.113000000000E+1
5.290615835777E+2	1.772000000000E+1
5.290909090909E+2	1.623000000000E+1
5.291202346041E+2	1.029000000000E+1
5.291495601173E+2	1.401000000000E+1
5.291788856305E+2	9.690000000000E+0
5.292082111437E+2	1.545000000000E+1
5.292375366569E+2	1.620000000000E+1
5.292668621701E+2	1.279000000000E+1
5.292961876833E+2	1.750000000000E+1
5.293255131965E+2	1.151000000000E+1
5.293548387097E+2	1.345000000000E+1
5.293841642229E+2	1.539000000000E+1
5.294134897361E+2	9.560000000000E+0
5.294428152493E+2	1.406000000000E+1
5.294721407625E+2	1.197000000000E+1
5.295014662757E+2	1.762000000000E+1
5.295307917889E+2	1.261000000000E+1
5.295601173021E+2	9.100000000000E+0
5.295894428152E+2	1.385000000000E+1
5.296187683284E+2	8.870000000000E+0
5.296480938416E+2	1.288000000000E+1
5.296774193548E+2	9.160000000000E+0
5.297067448680E+2	1.218000000000E+1
5.297360703812E+2	1.594000000000E+1
5.297653958944E+2	9.600000000000E+0
5.297947214076E+2	1.301000000000E+1
5.298240469208E+2	7.670000000000E+0
5.298533724340E+2	1.052000000000E+1
5.298826979472E+2	1.401000000000E+1
5.299120234604E+2	1.012000000000E+1
5.299413489736E+2	1.423000000000E+1
5.299706744868E+2	9.910000000000E+0
5.300000000000E+2	1.364000000000E+1
