Wavelength	Intensity
5.050000000000E+2	1.274000000000E+1
5.050195503421E+2	1.442000000000E+1
5.050391006843E+2	1.179000000000E+1
5.050586510264E+2	1.155000000000E+1
5.050782013685E+2	1.457000000000E+1
5.050977517107E+2	1.111000000000E+1
5.051173020528E+2	1.238000000000E+1
5.051368523949E+2	1.658000000000E+1
5.051564027370E+2	1.055000000000E+1
5.051759530792E+2	1.578000000000E+1
5.051955034213E+2	1.260000000000E+1
5.052150537634E+2	1.258000000000E+1
5.052346041056E+2	1.603000000000E+1
5.052541544477E+2	1.239000000000E+1
5.052737047898E+2	1.738000000000E+1
5.052932551320E+2	1.247000000000E+1
5.053128054741E+2	1.167000000000E+1
5.053323558162E+2	1.449000000000E+1
5.053519061584E+2	1.057000000000E+1
5.053714565005E+2	1.490000000000E+1
5.053910068426E+2	1.202000000000E+1
5.054105571848E+2	1.266000000000E+1
5.054301075269E+2	1.695000000000E+1
5.054496578690E+2	1.395000000000E+1
5.054692082111E+2	1.965000000000E+1
5.054887585533E+2	1.462000000000E+1
5.055083088954E+2	1.282000000000E+1
5.055278592375E+2	1.545000000000E+1
5.055474095797E+2	1.164000000000E+1
5.055669599218E+2	1.583000000000E+1
5.055865102639E+2	1.377000000000E+1
5.056060606061E+2	1.457000000000E+1
5.056256109482E+2	1.909000000000E+1
5.056451612903E+2	1.621000000000E+1
5.056647116325E+2	1.715000000000E+1
5.056842619746E+2	2.135000000000E+1
5.057038123167E+2	1.744000000000E+1
5.057233626588E+2	2.008000000000E+1
5.057429130010E+2	1.582000000000E+1
5.057624633431E+2	1.564000000000E+1
5.057820136852E+2	1.830000000000E+1
5.058015640274E+2	1.486000000000E+1
5.058211143695E+2	2.050000000000E+1
5.058406647116E+2	1.695000000000E+1
5.058602150538E+2	1.622000000000E+1
5.058797653959E+2	1.867000000000E+1
5.058993157380E+2	1.751000000000E+1
5.059188660802E+2	2.364000000000E+1
5.059384164223E+2	1.996000000000E+1
5.059579667644E+2	1.995000000000E+1
5.059775171065E+2	2.328000000000E+1
5.059970674487E+2	2.145000000000E+1
5.060166177908E+2	2.693000000000E+1
5.060361681329E+2	2.257000000000E+1
5.060557184751E+2	2.116000000000E+1
5.060752688172E+2	2.344000000000E+1
5.060948191593E+2	2.048000000000E+1
5.061143695015E+2	2.098000000000E+1
5.061339198436E+2	2.432000000000E+1
5.061534701857E+2	2.339000000000E+1
5.061730205279E+2	2.868000000000E+1
5.061925708700E+2	2.620000000000E+1
5.062121212121E+2	2.646000000000E+1
5.062316715543E+2	2.895000000000E+1
5.062512218964E+2	2.512000000000E+1
5.062707722385E+2	2.815000000000E+1
5.062903225806E+2	2.555000000000E+1
5.063098729228E+2	2.722000000000E+1
5.063294232649E+2	3.214000000000E+1
5.063489736070E+2	2.932000000000E+1
5.063685239492E+2	3.306000000000E+1
5.063880742913E+2	3.188000000000E+1
5.064076246334E+2	3.360000000000E+1
5.064271749756E+2	3.892000000000E+1
5.064467253177E+2	3.730000000000E+1
5.064662756598E+2	3.948000000000E+1
5.064858260020E+2	3.774000000000E+1
5.065053763441E+2	3.772000000000E+1
5.065249266862E+2	3.929000000000E+1
5.065444770283E+2	3.766000000000E+1
5.065640273705E+2	3.813000000000E+1
5.065835777126E+2	4.055000000000E+1
5.066031280547E+2	3.887000000000E+1
5.066226783969E+2	4.115000000000E+1
5.066422287390E+2	4.201000000000E+1
5.066617790811E+2	4.483000000000E+1
5.066813294233E+2	4.873000000000E+1
5.067008797654E+2	4.950000000000E+1
5.067204301075E+2	5.206000000000E+1
5.067399804497E+2	5.183000000000E+1
5.067595307918E+2	5.294000000000E+1
5.067790811339E+2	5.485000000000E+1
5.067986314761E+2	5.548000000000E+1
5.068181818182E+2	5.739000000000E+1
5.068377321603E+2	5.724000000000E+1
5.068572825024E+2	5.752000000000E+1
5.068768328446E+2	5.868000000000E+1
5.068963831867E+2	5.626000000000E+1
5.069159335288E+2	5.519000000000E+1
5.069354838710E+2	5.965000000000E+1
5.069550342131E+2	6.474000000000E+1
5.069745845552E+2	7.018000000000E+1
5.069941348974E+2	7.079000000000E+1
5.070136852395E+2	7.175000000000E+1
5.070332355816E+2	7.346000000000E+1
5.070527859238E+2	7.432000000000E+1
5.070723362659E+2	7.651000000000E+1
5.070918866080E+2	7.759000000000E+1
5.071114369501E+2	7.920000000000E+1
5.071309872923E+2	8.180000000000E+1
5.071505376344E+2	8.220000000000E+1
5.071700879765E+2	8.404000000000E+1
5.071896383187E+2	8.474000000000E+1
5.072091886608E+2	8.609000000000E+1
5.072287390029E+2	8.777000000000E+1
5.072482893451E+2	9.103000000000E+1
5.072678396872E+2	9.513000000000E+1
5.072873900293E+2	9.390000000000E+1
5.073069403715E+2	9.320000000000E+1
5.073264907136E+2	9.293000000000E+1
5.073460410557E+2	9.519000000000E+1
5.073655913978E+2	9.798000000000E+1
5.073851417400E+2	9.945000000000E+1
5.074046920821E+2	1.012600000000E+2
5.074242424242E+2	1.034200000000E+2
5.074437927664E+2	1.057500000000E+2
5.074633431085E+2	1.085900000000E+2
5.074828934506E+2	1.097000000000E+2
5.075024437928E+2	1.111200000000E+2
5.075219941349E+2	1.129200000000E+2
5.075415444770E+2	1.136800000000E+2
5.075610948192E+2	1.147000000000E+2
5.075806451613E+2	1.161100000000E+2
5.076001955034E+2	1.226100000000E+2
5.076197458456E+2	1.295800000000E+2
5.076392961877E+2	1.310200000000E+2
5.076588465298E+2	1.327800000000E+2
5.076783968719E+2	1.348600000000E+2
5.076979472141E+2	1.359300000000E+2
5.077174975562E+2	1.374600000000E+2
5.077370478983E+2	1.372300000000E+2
5.077565982405E+2	1.373900000000E+2
5.077761485826E+2	1.378300000000E+2
5.077956989247E+2	1.412200000000E+2
5.078152492669E+2	1.451500000000E+2
5.078347996090E+2	1.451900000000E+2
5.078543499511E+2	1.455400000000E+2
5.078739002933E+2	1.462100000000E+2
5.078934506354E+2	1.462100000000E+2
5.079130009775E+2	1.466600000000E+2
5.079325513196E+2	1.485100000000E+2
5.079521016618E+2	1.506600000000E+2
5.079716520039E+2	1.531300000000E+2
5.079912023460E+2	1.537100000000E+2
5.080107526882E+2	1.546400000000E+2
5.080303030303E+2	1.559400000000E+2
5.080498533724E+2	1.616500000000E+2
5.080694037146E+2	1.678400000000E+2
5.080889540567E+2	1.658700000000E+2
5.081085043988E+2	1.642200000000E+2
5.081280547410E+2	1.629200000000E+2
5.081476050831E+2	1.680200000000E+2
5.081671554252E+2	1.735900000000E+2
5.081867057674E+2	1.739400000000E+2
5.082062561095E+2	1.747100000000E+2
5.082258064516E+2	1.757400000000E+2
5.082453567937E+2	1.773600000000E+2
5.082649071359E+2	1.795600000000E+2
5.082844574780E+2	1.834900000000E+2
5.083040078201E+2	1.878500000000E+2
5.083235581623E+2	1.925200000000E+2
5.083431085044E+2	1.895400000000E+2
5.083626588465E+2	1.870400000000E+2
5.083822091887E+2	1.891700000000E+2
5.084017595308E+2	1.915700000000E+2
5.084213098729E+2	1.943200000000E+2
5.084408602151E+2	1.957900000000E+2
5.084604105572E+2	1.975500000000E+2
5.084799608993E+2	1.997500000000E+2
5.084995112414E+2	2.022900000000E+2
5.085190615836E+2	2.053200000000E+2
5.085386119257E+2	2.081100000000E+2
5.085581622678E+2	2.112300000000E+2
5.085777126100E+2	2.146500000000E+2
5.085972629521E+2	2.169800000000E+2
5.086168132942E+2	2.197200000000E+2
5.086363636364E+2	2.206900000000E+2
5.086559139785E+2	2.220600000000E+2
5.086754643206E+2	2.237500000000E+2
5.086950146628E+2	2.251000000000E+2
5.087145650049E+2	2.269700000000E+2
5.087341153470E+2	2.283600000000E+2
5.087536656891E+2	2.300300000000E+2
5.087732160313E+2	2.320000000000E+2
5.087927663734E+2	2.361400000000E+2
5.088123167155E+2	2.407700000000E+2
5.088318670577E+2	2.383800000000E+2
5.088514173998E+2	2.363300000000E+2
5.088709677419E+2	2.345600000000E+2
5.088905180841E+2	2.397500000000E+2
5.089100684262E+2	2.452400000000E+2
5.089296187683E+2	2.510800000000E+2
5.089491691105E+2	2.559700000000E+2
5.089687194526E+2	2.613000000000E+2
5.089882697947E+2	2.618300000000E+2
5.090078201369E+2	2.626600000000E+2
5.090273704790E+2	2.638700000000E+2
5.090469208211E+2	2.691600000000E+2
5.090664711632E+2	2.748600000000E+2
5.090860215054E+2	2.761300000000E+2
5.091055718475E+2	2.776900000000E+2
5.091251221896E+2	2.796100000000E+2
5.091446725318E+2	2.839400000000E+2
5.091642228739E+2	2.887900000000E+2
5.091837732160E+2	2.920000000000E+2
5.092033235582E+2	2.954700000000E+2
5.092228739003E+2	2.993300000000E+2
5.092424242424E+2	3.017000000000E+2
5.092619745846E+2	3.046200000000E+2
5.092815249267E+2	3.076600000000E+2
5.093010752688E+2	3.110700000000E+2
5.093206256109E+2	3.147900000000E+2
5.093401759531E+2	3.197000000000E+2
5.093597262952E+2	3.251400000000E+2
5.093792766373E+2	3.284700000000E+2
5.093988269795E+2	3.321400000000E+2
5.094183773216E+2	3.361200000000E+2
5.094379276637E+2	3.405600000000E+2
5.094574780059E+2	3.452700000000E+2
5.094770283480E+2	3.503900000000E+2
5.094965786901E+2	3.534700000000E+2
5.095161290323E+2	3.569900000000E+2
5.095356793744E+2	3.589500000000E+2
5.095552297165E+2	3.613000000000E+2
5.095747800587E+2	3.640100000000E+2
5.095943304008E+2	3.704000000000E+2
5.096138807429E+2	3.773000000000E+2
5.096334310850E+2	3.781500000000E+2
5.096529814272E+2	3.793400000000E+2
5.096725317693E+2	3.808200000000E+2
5.096920821114E+2	3.853400000000E+2
5.097116324536E+2	3.903600000000E+2
5.097311827957E+2	3.944100000000E+2
5.097507331378E+2	3.987800000000E+2
5.097702834800E+2	4.034700000000E+2
5.097898338221E+2	4.104700000000E+2
5.098093841642E+2	4.180200000000E+2
5.098289345064E+2	4.209800000000E+2
5.098484848485E+2	4.242700000000E+2
5.098680351906E+2	4.278400000000E+2
5.098875855327E+2	4.353700000000E+2
5.099071358749E+2	4.432200000000E+2
5.099266862170E+2	4.513600000000E+2
5.099462365591E+2	4.568800000000E+2
5.099657869013E+2	4.629400000000E+2
5.099853372434E+2	4.667200000000E+2
5.100048875855E+2	4.708900000000E+2
5.100244379277E+2	4.753900000000E+2
5.100439882698E+2	4.837000000000E+2
5.100635386119E+2	4.925300000000E+2
5.100830889541E+2	4.970100000000E+2
5.101026392962E+2	5.017200000000E+2
5.101221896383E+2	5.068500000000E+2
5.101417399804E+2	5.135000000000E+2
5.101612903226E+2	5.206100000000E+2
5.101808406647E+2	5.269400000000E+2
5.102003910068E+2	5.336000000000E+2
5.102199413490E+2	5.406600000000E+2
5.102394916911E+2	5.498400000000E+2
5.102590420332E+2	5.595200000000E+2
5.102785923754E+2	5.644300000000E+2
5.102981427175E+2	5.696500000000E+2
5.103176930596E+2	5.752300000000E+2
5.103372434018E+2	5.824300000000E+2
5.103567937439E+2	5.902100000000E+2
5.103763440860E+2	5.983500000000E+2
5.103958944282E+2	6.067900000000E+2
5.104154447703E+2	6.155700000000E+2
5.104349951124E+2	6.192300000000E+2
5.104545454545E+2	6.232500000000E+2
5.104740957967E+2	6.275200000000E+2
5.104936461388E+2	6.294000000000E+2
5.105131964809E+2	6.318700000000E+2
5.105327468231E+2	6.361900000000E+2
5.105522971652E+2	6.408600000000E+2
5.105718475073E+2	6.457700000000E+2
5.105913978495E+2	6.585700000000E+2
5.106109481916E+2	6.718700000000E+2
5.106304985337E+2	6.742600000000E+2
5.106500488759E+2	6.770800000000E+2
5.106695992180E+2	6.801500000000E+2
5.106891495601E+2	6.879000000000E+2
5.107086999022E+2	6.961400000000E+2
5.107282502444E+2	7.073900000000E+2
5.107478005865E+2	7.189300000000E+2
5.107673509286E+2	7.308000000000E+2
5.107869012708E+2	7.383300000000E+2
5.108064516129E+2	7.463800000000E+2
5.108260019550E+2	7.501500000000E+2
5.108455522972E+2	7.543400000000E+2
5.108651026393E+2	7.587600000000E+2
5.108846529814E+2	7.676200000000E+2
5.109042033236E+2	7.768600000000E+2
5.109237536657E+2	7.864300000000E+2
5.109433040078E+2	7.947600000000E+2
5.109628543500E+2	8.035800000000E+2
5.109824046921E+2	8.113400000000E+2
5.110019550342E+2	8.194100000000E+2
5.110215053763E+2	8.278600000000E+2
5.110410557185E+2	8.374100000000E+2
5.110606060606E+2	8.474100000000E+2
5.110801564027E+2	8.550600000000E+2
5.110997067449E+2	8.630500000000E+2
5.111192570870E+2	8.714400000000E+2
5.111388074291E+2	8.760400000000E+2
5.111583577713E+2	8.811300000000E+2
5.111779081134E+2	8.890000000000E+2
5.111974584555E+2	8.972200000000E+2
5.112170087977E+2	9.057300000000E+2
5.112365591398E+2	9.167700000000E+2
5.112561094819E+2	9.283200000000E+2
5.112756598240E+2	9.309700000000E+2
5.112952101662E+2	9.339000000000E+2
5.113147605083E+2	9.372300000000E+2
5.113343108504E+2	9.372000000000E+2
5.113538611926E+2	9.375400000000E+2
5.113734115347E+2	9.382100000000E+2
5.113929618768E+2	9.398300000000E+2
5.114125122190E+2	9.418900000000E+2
5.114320625611E+2	9.434900000000E+2
5.114516129032E+2	9.454500000000E+2
5.114711632454E+2	9.476700000000E+2
5.114907135875E+2	9.447800000000E+2
5.115102639296E+2	9.424000000000E+2
5.115298142717E+2	9.458500000000E+2
5.115493646139E+2	9.496000000000E+2
5.115689149560E+2	9.537400000000E+2
5.115884652981E+2	9.538200000000E+2
5.116080156403E+2	9.543700000000E+2
5.116275659824E+2	9.532500000000E+2
5.116471163245E+2	9.524000000000E+2
5.116666666667E+2	9.519200000000E+2
5.116862170088E+2	9.583700000000E+2
5.117057673509E+2	9.653300000000E+2
5.117253176931E+2	9.708100000000E+2
5.117448680352E+2	9.766400000000E+2
5.117644183773E+2	9.828000000000E+2
5.117839687195E+2	9.761800000000E+2
5.118035190616E+2	9.701000000000E+2
5.118230694037E+2	9.685900000000E+2
5.118426197458E+2	9.674200000000E+2
5.118621700880E+2	9.666000000000E+2
5.118817204301E+2	9.672500000000E+2
5.119012707722E+2	9.683000000000E+2
5.119208211144E+2	9.696400000000E+2
5.119403714565E+2	9.631000000000E+2
5.119599217986E+2	9.570000000000E+2
5.119794721408E+2	9.487700000000E+2
5.119990224829E+2	9.409400000000E+2
5.120185728250E+2	9.334000000000E+2
5.120381231672E+2	9.262200000000E+2
5.120576735093E+2	9.195100000000E+2
5.120772238514E+2	9.154400000000E+2
5.120967741935E+2	9.117800000000E+2
5.121163245357E+2	9.084200000000E+2
5.121358748778E+2	8.969300000000E+2
5.121554252199E+2	8.859500000000E+2
5.121749755621E+2	8.784000000000E+2
5.121945259042E+2	8.712000000000E+2
5.122140762463E+2	8.642600000000E+2
5.122336265885E+2	8.535700000000E+2
5.122531769306E+2	8.434900000000E+2
5.122727272727E+2	8.325400000000E+2
5.122922776149E+2	8.219900000000E+2
5.123118279570E+2	8.117800000000E+2
5.123313782991E+2	7.999800000000E+2
5.123509286413E+2	7.884800000000E+2
5.123704789834E+2	7.773300000000E+2
5.123900293255E+2	7.617500000000E+2
5.124095796676E+2	7.465800000000E+2
5.124291300098E+2	7.324000000000E+2
5.124486803519E+2	7.185500000000E+2
5.124682306940E+2	7.049900000000E+2
5.124877810362E+2	6.789900000000E+2
5.125073313783E+2	6.534800000000E+2
5.125268817204E+2	6.377000000000E+2
5.125464320626E+2	6.222300000000E+2
5.125659824047E+2	6.071300000000E+2
5.125855327468E+2	5.901700000000E+2
5.126050830890E+2	5.735900000000E+2
5.126246334311E+2	5.575500000000E+2
5.126441837732E+2	5.418800000000E+2
5.126637341153E+2	5.265700000000E+2
5.126832844575E+2	5.093300000000E+2
5.127028347996E+2	4.925800000000E+2
5.127223851417E+2	4.766100000000E+2
5.127419354839E+2	4.609300000000E+2
5.127614858260E+2	4.456000000000E+2
5.127810361681E+2	4.259600000000E+2
5.128005865103E+2	4.068100000000E+2
5.128201368524E+2	3.903500000000E+2
5.128396871945E+2	3.742700000000E+2
5.128592375367E+2	3.584800000000E+2
5.128787878788E+2	3.467500000000E+2
5.128983382209E+2	3.353600000000E+2
5.129178885630E+2	3.243400000000E+2
5.129374389052E+2	3.026500000000E+2
5.129569892473E+2	2.814300000000E+2
5.129765395894E+2	2.687400000000E+2
5.129960899316E+2	2.563900000000E+2
5.130156402737E+2	2.443600000000E+2
5.130351906158E+2	2.291300000000E+2
5.130547409580E+2	2.144600000000E+2
5.130742913001E+2	2.027900000000E+2
5.130938416422E+2	1.914200000000E+2
5.131133919844E+2	1.803800000000E+2
5.131329423265E+2	1.635900000000E+2
5.131524926686E+2	1.472800000000E+2
5.131720430108E+2	1.374100000000E+2
5.131915933529E+2	1.278400000000E+2
5.132111436950E+2	1.186500000000E+2
5.132306940371E+2	1.092800000000E+2
5.132502443793E+2	1.005500000000E+2
5.132697947214E+2	9.202000000000E+1
5.132893450635E+2	8.405000000000E+1
5.133088954057E+2	7.638000000000E+1
5.133284457478E+2	7.204000000000E+1
5.133479960899E+2	6.805000000000E+1
5.133675464321E+2	6.547000000000E+1
5.133870967742E+2	5.950000000000E+1
5.134066471163E+2	5.527000000000E+1
5.134261974585E+2	5.020000000000E+1
5.134457478006E+2	4.637000000000E+1
5.134652981427E+2	4.401000000000E+1
5.134848484848E+2	3.805000000000E+1
5.135043988270E+2	3.619000000000E+1
5.135239491691E+2	3.423000000000E+1
5.135434995112E+2	3.473000000000E+1
5.135630498534E+2	3.809000000000E+1
5.135826001955E+2	3.573000000000E+1
5.136021505376E+2	3.699000000000E+1
5.136217008798E+2	3.980000000000E+1
5.136412512219E+2	4.529000000000E+1
5.136608015640E+2	5.204000000000E+1
5.136803519062E+2	5.887000000000E+1
5.136999022483E+2	6.776000000000E+1
5.137194525904E+2	7.292000000000E+1
5.137390029326E+2	7.866000000000E+1
5.137585532747E+2	8.482000000000E+1
5.137781036168E+2	9.342000000000E+1
5.137976539589E+2	1.025200000000E+2
5.138172043011E+2	1.110800000000E+2
5.138367546432E+2	1.200300000000E+2
5.138563049853E+2	1.293100000000E+2
5.138758553275E+2	1.397800000000E+2
5.138954056696E+2	1.506000000000E+2
5.139149560117E+2	1.617000000000E+2
5.139345063539E+2	1.720100000000E+2
5.139540566960E+2	1.828500000000E+2
5.139736070381E+2	1.939400000000E+2
5.139931573803E+2	2.053900000000E+2
5.140127077224E+2	2.171000000000E+2
5.140322580645E+2	2.319600000000E+2
5.140518084066E+2	2.473000000000E+2
5.140713587488E+2	2.594900000000E+2
5.140909090909E+2	2.720100000000E+2
5.141104594330E+2	2.847800000000E+2
5.141300097752E+2	3.005000000000E+2
5.141495601173E+2	3.166500000000E+2
5.141691104594E+2	3.264700000000E+2
5.141886608016E+2	3.365600000000E+2
5.142082111437E+2	3.469300000000E+2
5.142277614858E+2	3.638400000000E+2
5.142473118280E+2	3.812500000000E+2
5.142668621701E+2	3.863000000000E+2
5.142864125122E+2	3.917200000000E+2
5.143059628543E+2	3.974400000000E+2
5.143255131965E+2	4.134600000000E+2
5.143450635386E+2	4.300300000000E+2
5.143646138807E+2	4.381100000000E+2
5.143841642229E+2	4.465400000000E+2
5.144037145650E+2	4.553200000000E+2
5.144232649071E+2	4.582600000000E+2
5.144428152493E+2	4.616100000000E+2
5.144623655914E+2	4.653200000000E+2
5.144819159335E+2	4.718100000000E+2
5.145014662757E+2	4.788700000000E+2
5.145210166178E+2	4.809500000000E+2
5.145405669599E+2	4.833700000000E+2
5.145601173021E+2	4.861900000000E+2
5.145796676442E+2	4.936600000000E+2
5.145992179863E+2	5.015600000000E+2
5.146187683284E+2	4.970000000000E+2
5.146383186706E+2	4.927800000000E+2
5.146578690127E+2	4.889000000000E+2
5.146774193548E+2	4.842400000000E+2
5.146969696970E+2	4.800100000000E+2
5.147165200391E+2	4.763900000000E+2
5.147360703812E+2	4.731100000000E+2
5.147556207234E+2	4.701200000000E+2
5.147751710655E+2	4.690200000000E+2
5.147947214076E+2	4.684100000000E+2
5.148142717498E+2	4.631300000000E+2
5.148338220919E+2	4.581500000000E+2
5.148533724340E+2	4.535200000000E+2
5.148729227761E+2	4.483200000000E+2
5.148924731183E+2	4.434600000000E+2
5.149120234604E+2	4.389100000000E+2
5.149315738025E+2	4.342100000000E+2
5.149511241447E+2	4.300100000000E+2
5.149706744868E+2	4.188300000000E+2
5.149902248289E+2	4.080600000000E+2
5.150097751711E+2	3.975600000000E+2
5.150293255132E+2	3.889900000000E+2
5.150488758553E+2	3.809000000000E+2
5.150684261975E+2	3.705800000000E+2
5.150879765396E+2	3.606200000000E+2
5.151075268817E+2	3.509800000000E+2
5.151270772239E+2	3.357000000000E+2
5.151466275660E+2	3.208900000000E+2
5.151661779081E+2	3.111500000000E+2
5.151857282502E+2	3.017300000000E+2
5.152052785924E+2	2.926400000000E+2
5.152248289345E+2	2.767400000000E+2
5.152443792766E+2	2.613300000000E+2
5.152639296188E+2	2.535600000000E+2
5.152834799609E+2	2.461000000000E+2
5.153030303030E+2	2.389900000000E+2
5.153225806452E+2	2.238200000000E+2
5.153421309873E+2	2.091000000000E+2
5.153616813294E+2	1.990700000000E+2
5.153812316716E+2	1.893600000000E+2
5.154007820137E+2	1.801000000000E+2
5.154203323558E+2	1.722500000000E+2
5.154398826979E+2	1.646700000000E+2
5.154594330401E+2	1.574600000000E+2
5.154789833822E+2	1.437000000000E+2
5.154985337243E+2	1.304500000000E+2
5.155180840665E+2	1.231800000000E+2
5.155376344086E+2	1.162600000000E+2
5.155571847507E+2	1.096400000000E+2
5.155767350929E+2	1.034200000000E+2
5.155962854350E+2	9.764000000000E+1
5.156158357771E+2	9.214000000000E+1
5.156353861193E+2	8.705000000000E+1
5.156549364614E+2	8.231000000000E+1
5.156744868035E+2	7.244000000000E+1
5.156940371457E+2	6.385000000000E+1
5.157135874878E+2	5.926000000000E+1
5.157331378299E+2	5.550000000000E+1
5.157526881720E+2	5.269000000000E+1
5.157722385142E+2	4.597000000000E+1
5.157917888563E+2	4.129000000000E+1
5.158113391984E+2	3.659000000000E+1
5.158308895406E+2	3.313000000000E+1
5.158504398827E+2	3.181000000000E+1
5.158699902248E+2	2.960000000000E+1
5.158895405670E+2	3.141000000000E+1
5.159090909091E+2	2.713000000000E+1
5.159286412512E+2	2.584000000000E+1
5.159481915934E+2	2.814000000000E+1
5.159677419355E+2	2.250000000000E+1
5.159872922776E+2	2.096000000000E+1
5.160068426197E+2	2.303000000000E+1
5.160263929619E+2	2.059000000000E+1
5.160459433040E+2	2.388000000000E+1
5.160654936461E+2	1.979000000000E+1
5.160850439883E+2	1.912000000000E+1
5.161045943304E+2	2.195000000000E+1
5.161241446725E+2	1.882000000000E+1
5.161436950147E+2	2.286000000000E+1
5.161632453568E+2	2.174000000000E+1
5.161827956989E+2	2.441000000000E+1
5.162023460411E+2	2.990000000000E+1
5.162218963832E+2	2.359000000000E+1
5.162414467253E+2	2.529000000000E+1
5.162609970674E+2	2.317000000000E+1
5.162805474096E+2	2.421000000000E+1
5.163000977517E+2	2.789000000000E+1
5.163196480938E+2	2.499000000000E+1
5.163391984360E+2	2.874000000000E+1
5.163587487781E+2	2.745000000000E+1
5.163782991202E+2	2.930000000000E+1
5.163978494624E+2	3.337000000000E+1
5.164173998045E+2	3.168000000000E+1
5.164369501466E+2	3.318000000000E+1
5.164565004888E+2	3.712000000000E+1
5.164760508309E+2	3.699000000000E+1
5.164956011730E+2	4.327000000000E+1
5.165151515152E+2	3.793000000000E+1
5.165347018573E+2	3.550000000000E+1
5.165542521994E+2	3.541000000000E+1
5.165738025415E+2	3.924000000000E+1
5.165933528837E+2	4.722000000000E+1
5.166129032258E+2	4.661000000000E+1
5.166324535679E+2	4.789000000000E+1
5.166520039101E+2	5.088000000000E+1
5.166715542522E+2	5.152000000000E+1
5.166911045943E+2	5.436000000000E+1
5.167106549365E+2	5.476000000000E+1
5.167302052786E+2	5.642000000000E+1
5.167497556207E+2	5.848000000000E+1
5.167693059629E+2	5.947000000000E+1
5.167888563050E+2	6.143000000000E+1
5.168084066471E+2	6.249000000000E+1
5.168279569892E+2	6.423000000000E+1
5.168475073314E+2	6.687000000000E+1
5.168670576735E+2	6.842000000000E+1
5.168866080156E+2	7.135000000000E+1
5.169061583578E+2	6.994000000000E+1
5.169257086999E+2	6.929000000000E+1
5.169452590420E+2	6.909000000000E+1
5.169648093842E+2	7.133000000000E+1
5.169843597263E+2	7.429000000000E+1
5.170039100684E+2	7.774000000000E+1
5.170234604106E+2	7.717000000000E+1
5.170430107527E+2	7.723000000000E+1
5.170625610948E+2	7.773000000000E+1
5.170821114370E+2	7.859000000000E+1
5.171016617791E+2	7.996000000000E+1
5.171212121212E+2	8.075000000000E+1
5.171407624633E+2	8.220000000000E+1
5.171603128055E+2	8.475000000000E+1
5.171798631476E+2	8.764000000000E+1
5.171994134897E+2	9.084000000000E+1
5.172189638319E+2	9.079000000000E+1
5.172385141740E+2	9.126000000000E+1
5.172580645161E+2	9.108000000000E+1
5.172776148583E+2	9.117000000000E+1
5.172971652004E+2	9.168000000000E+1
5.173167155425E+2	9.620000000000E+1
5.173362658847E+2	1.012900000000E+2
5.173558162268E+2	1.006800000000E+2
5.173753665689E+2	1.004300000000E+2
5.173949169110E+2	1.005300000000E+2
5.174144672532E+2	1.024100000000E+2
5.174340175953E+2	1.047000000000E+2
5.174535679374E+2	1.033900000000E+2
5.174731182796E+2	1.024500000000E+2
5.174926686217E+2	1.017700000000E+2
5.175122189638E+2	1.048200000000E+2
5.175317693060E+2	1.081500000000E+2
5.175513196481E+2	1.117900000000E+2
5.175708699902E+2	1.119300000000E+2
5.175904203324E+2	1.125200000000E+2
5.176099706745E+2	1.144800000000E+2
5.176295210166E+2	1.167800000000E+2
5.176490713587E+2	1.194800000000E+2
5.176686217009E+2	1.183400000000E+2
5.176881720430E+2	1.178000000000E+2
5.177077223851E+2	1.191900000000E+2
5.177272727273E+2	1.208800000000E+2
5.177468230694E+2	1.228800000000E+2
5.177663734115E+2	1.237900000000E+2
5.177859237537E+2	1.252000000000E+2
5.178054740958E+2	1.235000000000E+2
5.178250244379E+2	1.221400000000E+2
5.178445747801E+2	1.211000000000E+2
5.178641251222E+2	1.204200000000E+2
5.178836754643E+2	1.201900000000E+2
5.179032258065E+2	1.213700000000E+2
5.179227761486E+2	1.228700000000E+2
5.179423264907E+2	1.247000000000E+2
5.179618768328E+2	1.210600000000E+2
5.179814271750E+2	1.178800000000E+2
5.180009775171E+2	1.169000000000E+2
5.180205278592E+2	1.162100000000E+2
5.180400782014E+2	1.158700000000E+2
5.180596285435E+2	1.162700000000E+2
5.180791788856E+2	1.169900000000E+2
5.180987292278E+2	1.180100000000E+2
5.181182795699E+2	1.156700000000E+2
5.181378299120E+2	1.139900000000E+2
5.181573802542E+2	1.146100000000E+2
5.181769305963E+2	1.157000000000E+2
5.181964809384E+2	1.171000000000E+2
5.182160312805E+2	1.124400000000E+2
5.182355816227E+2	1.082900000000E+2
5.182551319648E+2	1.062900000000E+2
5.182746823069E+2	1.046900000000E+2
5.182942326491E+2	1.036100000000E+2
5.183137829912E+2	9.996000000000E+1
5.183333333333E+2	9.702000000000E+1
5.183528836755E+2	9.572000000000E+1
5.183724340176E+2	9.473000000000E+1
5.183919843597E+2	9.407000000000E+1
5.184115347019E+2	9.295000000000E+1
5.184310850440E+2	9.235000000000E+1
5.184506353861E+2	9.153000000000E+1
5.184701857283E+2	9.106000000000E+1
5.184897360704E+2	9.084000000000E+1
5.185092864125E+2	8.605000000000E+1
5.185288367546E+2	8.156000000000E+1
5.185483870968E+2	7.741000000000E+1
5.185679374389E+2	7.377000000000E+1
5.185874877810E+2	7.068000000000E+1
5.186070381232E+2	7.195000000000E+1
5.186265884653E+2	7.351000000000E+1
5.186461388074E+2	7.548000000000E+1
5.186656891496E+2	7.009000000000E+1
5.186852394917E+2	6.555000000000E+1
5.187047898338E+2	6.298000000000E+1
5.187243401760E+2	6.099000000000E+1
5.187438905181E+2	5.964000000000E+1
5.187634408602E+2	5.639000000000E+1
5.187829912023E+2	5.498000000000E+1
5.188025415445E+2	5.520000000000E+1
5.188220918866E+2	5.687000000000E+1
5.188416422287E+2	5.944000000000E+1
5.188611925709E+2	5.207000000000E+1
5.188807429130E+2	4.728000000000E+1
5.189002932551E+2	4.607000000000E+1
5.189198435973E+2	4.628000000000E+1
5.189393939394E+2	4.853000000000E+1
5.189589442815E+2	4.293000000000E+1
5.189784946237E+2	4.149000000000E+1
5.189980449658E+2	3.957000000000E+1
5.190175953079E+2	3.981000000000E+1
5.190371456500E+2	4.140000000000E+1
5.190566959922E+2	3.924000000000E+1
5.190762463343E+2	3.883000000000E+1
5.190957966764E+2	4.076000000000E+1
5.191153470186E+2	3.433000000000E+1
5.191348973607E+2	3.263000000000E+1
5.191544477028E+2	3.073000000000E+1
5.191739980450E+2	3.221000000000E+1
5.191935483871E+2	3.548000000000E+1
5.192130987292E+2	2.843000000000E+1
5.192326490714E+2	2.624000000000E+1
5.192521994135E+2	2.536000000000E+1
5.192717497556E+2	2.648000000000E+1
5.192913000978E+2	2.980000000000E+1
5.193108504399E+2	2.547000000000E+1
5.193304007820E+2	2.753000000000E+1
5.193499511241E+2	2.509000000000E+1
5.193695014663E+2	2.481000000000E+1
5.193890518084E+2	2.733000000000E+1
5.194086021505E+2	2.541000000000E+1
5.194281524927E+2	2.830000000000E+1
5.194477028348E+2	2.629000000000E+1
5.194672531769E+2	2.665000000000E+1
5.194868035191E+2	3.019000000000E+1
5.195063538612E+2	2.456000000000E+1
5.195259042033E+2	2.598000000000E+1
5.195454545455E+2	2.407000000000E+1
5.195650048876E+2	2.543000000000E+1
5.195845552297E+2	2.968000000000E+1
5.196041055718E+2	2.444000000000E+1
5.196236559140E+2	2.192000000000E+1
5.196432062561E+2	2.400000000000E+1
5.196627565982E+2	2.496000000000E+1
5.196823069404E+2	3.092000000000E+1
5.197018572825E+2	2.772000000000E+1
5.197214076246E+2	2.905000000000E+1
5.197409579668E+2	3.408000000000E+1
5.197605083089E+2	3.078000000000E+1
5.197800586510E+2	3.350000000000E+1
5.197996089932E+2	3.117000000000E+1
5.198191593353E+2	3.182000000000E+1
5.198387096774E+2	3.417000000000E+1
5.198582600196E+2	3.528000000000E+1
5.198778103617E+2	4.130000000000E+1
5.198973607038E+2	4.001000000000E+1
5.199169110459E+2	4.040000000000E+1
5.199364613881E+2	4.198000000000E+1
5.199560117302E+2	4.008000000000E+1
5.199755620723E+2	4.140000000000E+1
5.199951124145E+2	4.260000000000E+1
5.200146627566E+2	4.622000000000E+1
5.200342130987E+2	5.122000000000E+1
5.200537634409E+2	5.395000000000E+1
5.200733137830E+2	5.849000000000E+1
5.200928641251E+2	5.746000000000E+1
5.201124144673E+2	5.709000000000E+1
5.201319648094E+2	5.791000000000E+1
5.201515151515E+2	5.957000000000E+1
5.201710654936E+2	6.236000000000E+1
5.201906158358E+2	6.569000000000E+1
5.202101661779E+2	6.605000000000E+1
5.202297165200E+2	6.718000000000E+1
5.202492668622E+2	7.252000000000E+1
5.202688172043E+2	7.827000000000E+1
5.202883675464E+2	8.430000000000E+1
5.203079178886E+2	8.633000000000E+1
5.203274682307E+2	8.889000000000E+1
5.203470185728E+2	8.958000000000E+1
5.203665689150E+2	9.054000000000E+1
5.203861192571E+2	9.187000000000E+1
5.204056695992E+2	9.304000000000E+1
5.204252199413E+2	9.466000000000E+1
5.204447702835E+2	9.784000000000E+1
5.204643206256E+2	1.012900000000E+2
5.204838709677E+2	1.051600000000E+2
5.205034213099E+2	1.097800000000E+2
5.205229716520E+2	1.148300000000E+2
5.205425219941E+2	1.186600000000E+2
5.205620723363E+2	1.227700000000E+2
5.205816226784E+2	1.271900000000E+2
5.206011730205E+2	1.291100000000E+2
5.206207233627E+2	1.314600000000E+2
5.206402737048E+2	1.312500000000E+2
5.206598240469E+2	1.314000000000E+2
5.206793743891E+2	1.319000000000E+2
5.206989247312E+2	1.349500000000E+2
5.207184750733E+2	1.383300000000E+2
5.207380254154E+2	1.420500000000E+2
5.207575757576E+2	1.403100000000E+2
5.207771260997E+2	1.390100000000E+2
5.207966764418E+2	1.427800000000E+2
5.208162267840E+2	1.469000000000E+2
5.208357771261E+2	1.512900000000E+2
5.208553274682E+2	1.537700000000E+2
5.208748778104E+2	1.567300000000E+2
5.208944281525E+2	1.582400000000E+2
5.209139784946E+2	1.600400000000E+2
5.209335288368E+2	1.622400000000E+2
5.209530791789E+2	1.637100000000E+2
5.209726295210E+2	1.656400000000E+2
5.209921798631E+2	1.676500000000E+2
5.210117302053E+2	1.699500000000E+2
5.210312805474E+2	1.726000000000E+2
5.210508308895E+2	1.711600000000E+2
5.210703812317E+2	1.702300000000E+2
5.210899315738E+2	1.700200000000E+2
5.211094819159E+2	1.701200000000E+2
5.211290322581E+2	1.706000000000E+2
5.211485826002E+2	1.730300000000E+2
5.211681329423E+2	1.759500000000E+2
5.211876832845E+2	1.745400000000E+2
5.212072336266E+2	1.734700000000E+2
5.212267839687E+2	1.727300000000E+2
5.212463343109E+2	1.734000000000E+2
5.212658846530E+2	1.744200000000E+2
5.212854349951E+2	1.757700000000E+2
5.213049853372E+2	1.765800000000E+2
5.213245356794E+2	1.780100000000E+2
5.213440860215E+2	1.774400000000E+2
5.213636363636E+2	1.772000000000E+2
5.213831867058E+2	1.772800000000E+2
5.214027370479E+2	1.832500000000E+2
5.214222873900E+2	1.896600000000E+2
5.214418377322E+2	1.847900000000E+2
5.214613880743E+2	1.802700000000E+2
5.214809384164E+2	1.761700000000E+2
5.215004887586E+2	1.805100000000E+2
5.215200391007E+2	1.853200000000E+2
5.215395894428E+2	1.878200000000E+2
5.215591397849E+2	1.906900000000E+2
5.215786901271E+2	1.939200000000E+2
5.215982404692E+2	1.932500000000E+2
5.216177908113E+2	1.931200000000E+2
5.216373411535E+2	1.911300000000E+2
5.216568914956E+2	1.895000000000E+2
5.216764418377E+2	1.882200000000E+2
5.216959921799E+2	1.875700000000E+2
5.217155425220E+2	1.875100000000E+2
5.217350928641E+2	1.876800000000E+2
5.217546432063E+2	1.881900000000E+2
5.217741935484E+2	1.890600000000E+2
5.217937438905E+2	1.884400000000E+2
5.218132942326E+2	1.881100000000E+2
5.218328445748E+2	1.880700000000E+2
5.218523949169E+2	1.874600000000E+2
5.218719452590E+2	1.872900000000E+2
5.218914956012E+2	1.878100000000E+2
5.219110459433E+2	1.886700000000E+2
5.219305962854E+2	1.898300000000E+2
5.219501466276E+2	1.852400000000E+2
5.219696969697E+2	1.811100000000E+2
5.219892473118E+2	1.809600000000E+2
5.220087976540E+2	1.811800000000E+2
5.220283479961E+2	1.817200000000E+2
5.220478983382E+2	1.792300000000E+2
5.220674486804E+2	1.772600000000E+2
5.220869990225E+2	1.780300000000E+2
5.221065493646E+2	1.791400000000E+2
5.221260997067E+2	1.806300000000E+2
5.221456500489E+2	1.800300000000E+2
5.221652003910E+2	1.799200000000E+2
5.221847507331E+2	1.761900000000E+2
5.222043010753E+2	1.727900000000E+2
5.222238514174E+2	1.697300000000E+2
5.222434017595E+2	1.706700000000E+2
5.222629521017E+2	1.720800000000E+2
5.222825024438E+2	1.699800000000E+2
5.223020527859E+2	1.681200000000E+2
5.223216031281E+2	1.666400000000E+2
5.223411534702E+2	1.674800000000E+2
5.223607038123E+2	1.686600000000E+2
5.223802541544E+2	1.701700000000E+2
5.223998044966E+2	1.662100000000E+2
5.224193548387E+2	1.627600000000E+2
5.224389051808E+2	1.594900000000E+2
5.224584555230E+2	1.565700000000E+2
5.224780058651E+2	1.539900000000E+2
5.224975562072E+2	1.542800000000E+2
5.225171065494E+2	1.550300000000E+2
5.225366568915E+2	1.521500000000E+2
5.225562072336E+2	1.495800000000E+2
5.225757575758E+2	1.474300000000E+2
5.225953079179E+2	1.431000000000E+2
5.226148582600E+2	1.392200000000E+2
5.226344086022E+2	1.376600000000E+2
5.226539589443E+2	1.364400000000E+2
5.226735092864E+2	1.355300000000E+2
5.226930596285E+2	1.337800000000E+2
5.227126099707E+2	1.325600000000E+2
5.227321603128E+2	1.317300000000E+2
5.227517106549E+2	1.312100000000E+2
5.227712609971E+2	1.310000000000E+2
5.227908113392E+2	1.266000000000E+2
5.228103616813E+2	1.226900000000E+2
5.228299120235E+2	1.225600000000E+2
5.228494623656E+2	1.227400000000E+2
5.228690127077E+2	1.233600000000E+2
5.228885630499E+2	1.204500000000E+2
5.229081133920E+2	1.178700000000E+2
5.229276637341E+2	1.156300000000E+2
5.229472140762E+2	1.168900000000E+2
5.229667644184E+2	1.186600000000E+2
5.229863147605E+2	1.150400000000E+2
5.230058651026E+2	1.117200000000E+2
5.230254154448E+2	1.087200000000E+2
5.230449657869E+2	1.086600000000E+2
5.230645161290E+2	1.090800000000E+2
5.230840664712E+2	1.090600000000E+2
5.231036168133E+2	1.094100000000E+2
5.231231671554E+2	1.100700000000E+2
5.231427174976E+2	1.053000000000E+2
5.231622678397E+2	1.009500000000E+2
5.231818181818E+2	1.011700000000E+2
5.232013685239E+2	1.017900000000E+2
5.232209188661E+2	1.027300000000E+2
5.232404692082E+2	1.008000000000E+2
5.232600195503E+2	9.931000000000E+1
5.232795698925E+2	9.843000000000E+1
5.232991202346E+2	9.786000000000E+1
5.233186705767E+2	9.767000000000E+1
5.233382209189E+2	9.432000000000E+1
5.233577712610E+2	9.202000000000E+1
5.233773216031E+2	9.073000000000E+1
5.233968719453E+2	9.027000000000E+1
5.234164222874E+2	9.016000000000E+1
5.234359726295E+2	8.952000000000E+1
5.234555229717E+2	8.922000000000E+1
5.234750733138E+2	8.952000000000E+1
5.234946236559E+2	8.357000000000E+1
5.235141739980E+2	7.828000000000E+1
5.235337243402E+2	7.939000000000E+1
5.235532746823E+2	8.082000000000E+1
5.235728250244E+2	8.264000000000E+1
5.235923753666E+2	8.404000000000E+1
5.236119257087E+2	8.602000000000E+1
5.236314760508E+2	8.318000000000E+1
5.236510263930E+2	8.075000000000E+1
5.236705767351E+2	7.862000000000E+1
5.236901270772E+2	7.793000000000E+1
5.237096774194E+2	7.797000000000E+1
5.237292277615E+2	7.585000000000E+1
5.237487781036E+2	7.423000000000E+1
5.237683284457E+2	7.292000000000E+1
5.237878787879E+2	7.061000000000E+1
5.238074291300E+2	6.927000000000E+1
5.238269794721E+2	6.814000000000E+1
5.238465298143E+2	6.782000000000E+1
5.238660801564E+2	6.832000000000E+1
5.238856304985E+2	6.665000000000E+1
5.239051808407E+2	6.651000000000E+1
5.239247311828E+2	6.312000000000E+1
5.239442815249E+2	6.064000000000E+1
5.239638318671E+2	5.910000000000E+1
5.239833822092E+2	5.755000000000E+1
5.240029325513E+2	5.768000000000E+1
5.240224828935E+2	5.372000000000E+1
5.240420332356E+2	5.084000000000E+1
5.240615835777E+2	4.946000000000E+1
5.240811339198E+2	4.759000000000E+1
5.241006842620E+2	4.682000000000E+1
5.241202346041E+2	4.733000000000E+1
5.241397849462E+2	4.429000000000E+1
5.241593352884E+2	4.408000000000E+1
5.241788856305E+2	4.178000000000E+1
5.241984359726E+2	4.016000000000E+1
5.242179863148E+2	4.018000000000E+1
5.242375366569E+2	3.957000000000E+1
5.242570869990E+2	4.156000000000E+1
5.242766373412E+2	4.090000000000E+1
5.242961876833E+2	4.203000000000E+1
5.243157380254E+2	4.442000000000E+1
5.243352883675E+2	3.989000000000E+1
5.243548387097E+2	3.931000000000E+1
5.243743890518E+2	3.704000000000E+1
5.243939393939E+2	3.719000000000E+1
5.244134897361E+2	4.035000000000E+1
5.244330400782E+2	3.361000000000E+1
5.244525904203E+2	3.115000000000E+1
5.244721407625E+2	2.973000000000E+1
5.244916911046E+2	3.047000000000E+1
5.245112414467E+2	3.365000000000E+1
5.245307917889E+2	3.107000000000E+1
5.245503421310E+2	3.345000000000E+1
5.245698924731E+2	3.156000000000E+1
5.245894428152E+2	3.212000000000E+1
5.246089931574E+2	3.544000000000E+1
5.246285434995E+2	3.204000000000E+1
5.246480938416E+2	3.148000000000E+1
5.246676441838E+2	3.355000000000E+1
5.246871945259E+2	2.947000000000E+1
5.247067448680E+2	3.225000000000E+1
5.247262952102E+2	2.745000000000E+1
5.247458455523E+2	2.531000000000E+1
5.247653958944E+2	2.676000000000E+1
5.247849462366E+2	2.054000000000E+1
5.248044965787E+2	2.294000000000E+1
5.248240469208E+2	2.135000000000E+1
5.248435972630E+2	2.291000000000E+1
5.248631476051E+2	2.701000000000E+1
5.248826979472E+2	2.289000000000E+1
5.249022482893E+2	2.653000000000E+1
5.249217986315E+2	2.461000000000E+1
5.249413489736E+2	2.540000000000E+1
5.249608993157E+2	2.863000000000E+1
5.249804496579E+2	2.312000000000E+1
5.250000000000E+2	2.514000000000E+1
