Wavelength	Intensity
5.000000000000E+2	4.553333333333E+1
5.005865102639E+2	5.746666666667E+1
5.011730205279E+2	5.276666666667E+1
5.017595307918E+2	4.776666666667E+1
5.023460410557E+2	5.673333333333E+1
5.029325513196E+2	6.076666666667E+1
5.035190615836E+2	6.520000000000E+1
5.041055718475E+2	5.423333333333E+1
5.046920821114E+2	6.500000000000E+1
5.052785923754E+2	5.873333333333E+1
5.058651026393E+2	7.366666666667E+1
5.064516129032E+2	1.046666666667E+2
5.070381231672E+2	1.560000000000E+2
5.076246334311E+2	2.145000000000E+2
5.082111436950E+2	2.738333333333E+2
5.087976539589E+2	3.512333333333E+2
5.093841642229E+2	4.777000000000E+2
5.099706744868E+2	6.620000000000E+2
5.105571847507E+2	9.048666666667E+2
5.111436950147E+2	1.063733333333E+3
5.117302052786E+2	1.082500000000E+3
5.123167155425E+2	9.175333333333E+2
5.129032258065E+2	4.199000000000E+2
5.134897360704E+2	2.256000000000E+2
5.140762463343E+2	5.113000000000E+2
5.146627565982E+2	5.390000000000E+2
5.152492668622E+2	2.767333333333E+2
5.158357771261E+2	6.880000000000E+1
5.164222873900E+2	8.050000000000E+1
5.170087976540E+2	1.000000000000E+2
5.175953079179E+2	1.601333333333E+2
5.181818181818E+2	1.608000000000E+2
5.187683284457E+2	1.348333333333E+2
5.193548387097E+2	8.890000000000E+1
5.199413489736E+2	9.393333333333E+1
5.205278592375E+2	1.750666666667E+2
5.211143695015E+2	2.423666666667E+2
5.217008797654E+2	2.758333333333E+2
5.222873900293E+2	2.543333333333E+2
5.228739002933E+2	2.161666666667E+2
5.234604105572E+2	1.664666666667E+2
5.240469208211E+2	1.297666666667E+2
5.246334310850E+2	9.280000000000E+1
5.252199413490E+2	6.800000000000E+1
5.258064516129E+2	6.600000000000E+1
5.263929618768E+2	6.310000000000E+1
5.269794721408E+2	6.126666666667E+1
5.275659824047E+2	6.073333333333E+1
5.281524926686E+2	6.046666666667E+1
5.287390029326E+2	5.616666666667E+1
5.293255131965E+2	5.676666666667E+1
5.299120234604E+2	5.360000000000E+1
5.304985337243E+2	5.266666666667E+1
5.310850439883E+2	5.980000000000E+1
5.316715542522E+2	5.896666666667E+1
5.322580645161E+2	6.016666666667E+1
5.328445747801E+2	5.936666666667E+1
5.334310850440E+2	5.690000000000E+1
5.340175953079E+2	5.820000000000E+1
5.346041055718E+2	6.360000000000E+1
5.351906158358E+2	5.423333333333E+1
5.357771260997E+2	5.400000000000E+1
5.363636363636E+2	5.180000000000E+1
5.369501466276E+2	6.063333333333E+1
5.375366568915E+2	6.223333333333E+1
5.381231671554E+2	5.690000000000E+1
5.387096774194E+2	6.890000000000E+1
5.392961876833E+2	5.570000000000E+1
5.398826979472E+2	5.943333333333E+1
5.404692082111E+2	5.773333333333E+1
5.410557184751E+2	5.763333333333E+1
5.416422287390E+2	6.296666666667E+1
5.422287390029E+2	5.770000000000E+1
5.428152492669E+2	5.926666666667E+1
5.434017595308E+2	6.030000000000E+1
5.439882697947E+2	6.180000000000E+1
5.445747800587E+2	6.080000000000E+1
5.451612903226E+2	5.573333333333E+1
5.457478005865E+2	5.626666666667E+1
5.463343108504E+2	5.440000000000E+1
5.469208211144E+2	5.546666666667E+1
5.475073313783E+2	5.956666666667E+1
5.480938416422E+2	5.950000000000E+1
5.486803519062E+2	5.646666666667E+1
5.492668621701E+2	6.300000000000E+1
5.498533724340E+2	5.893333333333E+1
5.504398826979E+2	5.703333333333E+1
5.510263929619E+2	5.366666666667E+1
5.516129032258E+2	5.100000000000E+1
5.521994134897E+2	5.223333333333E+1
5.527859237537E+2	5.800000000000E+1
5.533724340176E+2	5.073333333333E+1
5.539589442815E+2	5.753333333333E+1
5.545454545455E+2	6.126666666667E+1
5.551319648094E+2	5.073333333333E+1
5.557184750733E+2	5.300000000000E+1
5.563049853372E+2	5.470000000000E+1
5.568914956012E+2	5.206666666667E+1
5.574780058651E+2	5.743333333333E+1
5.580645161290E+2	6.046666666667E+1
5.586510263930E+2	6.140000000000E+1
5.592375366569E+2	5.796666666667E+1
5.598240469208E+2	6.316666666667E+1
5.604105571848E+2	5.986666666667E+1
5.609970674487E+2	6.093333333333E+1
5.615835777126E+2	5.610000000000E+1
5.621700879765E+2	6.040000000000E+1
5.627565982405E+2	5.390000000000E+1
5.633431085044E+2	5.703333333333E+1
5.639296187683E+2	5.586666666667E+1
5.645161290323E+2	6.016666666667E+1
5.651026392962E+2	6.750000000000E+1
5.656891495601E+2	5.840000000000E+1
5.662756598240E+2	5.566666666667E+1
5.668621700880E+2	5.513333333333E+1
5.674486803519E+2	6.080000000000E+1
5.680351906158E+2	5.876666666667E+1
5.686217008798E+2	5.216666666667E+1
5.692082111437E+2	5.510000000000E+1
5.697947214076E+2	6.146666666667E+1
5.703812316716E+2	6.130000000000E+1
5.709677419355E+2	5.503333333333E+1
5.715542521994E+2	5.930000000000E+1
5.721407624633E+2	5.716666666667E+1
5.727272727273E+2	5.786666666667E+1
5.733137829912E+2	5.893333333333E+1
5.739002932551E+2	5.220000000000E+1
5.744868035191E+2	5.860000000000E+1
5.750733137830E+2	6.120000000000E+1
5.756598240469E+2	5.783333333333E+1
5.762463343109E+2	6.013333333333E+1
5.768328445748E+2	5.816666666667E+1
5.774193548387E+2	5.230000000000E+1
5.780058651026E+2	5.040000000000E+1
5.785923753666E+2	5.606666666667E+1
5.791788856305E+2	5.036666666667E+1
5.797653958944E+2	5.413333333333E+1
5.803519061584E+2	5.260000000000E+1
5.809384164223E+2	6.253333333333E+1
5.815249266862E+2	6.246666666667E+1
5.821114369501E+2	6.026666666667E+1
5.826979472141E+2	5.690000000000E+1
5.832844574780E+2	6.273333333333E+1
5.838709677419E+2	5.240000000000E+1
5.844574780059E+2	5.933333333333E+1
5.850439882698E+2	5.506666666667E+1
5.856304985337E+2	6.496666666667E+1
5.862170087977E+2	6.126666666667E+1
5.868035190616E+2	5.713333333333E+1
5.873900293255E+2	6.050000000000E+1
5.879765395894E+2	6.320000000000E+1
5.885630498534E+2	5.960000000000E+1
5.891495601173E+2	6.050000000000E+1
5.897360703812E+2	6.140000000000E+1
5.903225806452E+2	5.203333333333E+1
5.909090909091E+2	5.753333333333E+1
5.914956011730E+2	6.073333333333E+1
5.920821114370E+2	5.550000000000E+1
5.926686217009E+2	5.550000000000E+1
5.932551319648E+2	5.400000000000E+1
5.938416422287E+2	5.800000000000E+1
5.944281524927E+2	5.370000000000E+1
5.950146627566E+2	6.233333333333E+1
5.956011730205E+2	5.340000000000E+1
5.961876832845E+2	5.353333333333E+1
5.967741935484E+2	5.646666666667E+1
5.973607038123E+2	5.080000000000E+1
5.979472140762E+2	5.753333333333E+1
5.985337243402E+2	6.026666666667E+1
5.991202346041E+2	6.300000000000E+1
5.997067448680E+2	5.303333333333E+1
6.002932551320E+2	5.476666666667E+1
6.008797653959E+2	6.363333333333E+1
6.014662756598E+2	5.756666666667E+1
6.020527859238E+2	6.086666666667E+1
6.026392961877E+2	5.263333333333E+1
6.032258064516E+2	5.976666666667E+1
6.038123167155E+2	5.933333333333E+1
6.043988269795E+2	6.146666666667E+1
6.049853372434E+2	6.020000000000E+1
6.055718475073E+2	5.910000000000E+1
6.061583577713E+2	5.376666666667E+1
6.067448680352E+2	5.140000000000E+1
6.073313782991E+2	5.840000000000E+1
6.079178885630E+2	6.433333333333E+1
6.085043988270E+2	5.786666666667E+1
6.090909090909E+2	5.896666666667E+1
6.096774193548E+2	6.170000000000E+1
6.102639296188E+2	6.126666666667E+1
6.108504398827E+2	6.053333333333E+1
6.114369501466E+2	5.896666666667E+1
6.120234604106E+2	5.296666666667E+1
6.126099706745E+2	5.570000000000E+1
6.131964809384E+2	5.426666666667E+1
6.137829912023E+2	6.280000000000E+1
6.143695014663E+2	6.130000000000E+1
6.149560117302E+2	6.276666666667E+1
6.155425219941E+2	6.490000000000E+1
6.161290322581E+2	6.360000000000E+1
6.167155425220E+2	6.520000000000E+1
6.173020527859E+2	6.026666666667E+1
6.178885630499E+2	5.553333333333E+1
6.184750733138E+2	6.113333333333E+1
6.190615835777E+2	6.183333333333E+1
6.196480938416E+2	6.723333333333E+1
6.202346041056E+2	5.806666666667E+1
6.208211143695E+2	5.616666666667E+1
6.214076246334E+2	5.770000000000E+1
6.219941348974E+2	5.440000000000E+1
6.225806451613E+2	5.526666666667E+1
6.231671554252E+2	5.100000000000E+1
6.237536656891E+2	6.163333333333E+1
6.243401759531E+2	6.076666666667E+1
6.249266862170E+2	6.640000000000E+1
6.255131964809E+2	6.033333333333E+1
6.260997067449E+2	5.573333333333E+1
6.266862170088E+2	6.030000000000E+1
6.272727272727E+2	6.013333333333E+1
6.278592375367E+2	5.663333333333E+1
6.284457478006E+2	5.433333333333E+1
6.290322580645E+2	5.763333333333E+1
6.296187683284E+2	6.040000000000E+1
6.302052785924E+2	5.913333333333E+1
6.307917888563E+2	6.313333333333E+1
6.313782991202E+2	6.503333333333E+1
6.319648093842E+2	5.836666666667E+1
6.325513196481E+2	6.370000000000E+1
6.331378299120E+2	5.150000000000E+1
6.337243401760E+2	5.780000000000E+1
6.343108504399E+2	6.323333333333E+1
6.348973607038E+2	6.326666666667E+1
6.354838709677E+2	6.150000000000E+1
6.360703812317E+2	6.533333333333E+1
6.366568914956E+2	6.136666666667E+1
6.372434017595E+2	5.756666666667E+1
6.378299120235E+2	5.436666666667E+1
6.384164222874E+2	5.640000000000E+1
6.390029325513E+2	5.850000000000E+1
6.395894428152E+2	6.096666666667E+1
6.401759530792E+2	5.726666666667E+1
6.407624633431E+2	6.143333333333E+1
6.413489736070E+2	6.210000000000E+1
6.419354838710E+2	6.020000000000E+1
6.425219941349E+2	6.063333333333E+1
6.431085043988E+2	5.913333333333E+1
6.436950146628E+2	6.316666666667E+1
6.442815249267E+2	6.206666666667E+1
6.448680351906E+2	5.133333333333E+1
6.454545454545E+2	5.926666666667E+1
6.460410557185E+2	6.166666666667E+1
6.466275659824E+2	5.640000000000E+1
6.472140762463E+2	6.010000000000E+1
6.478005865103E+2	5.916666666667E+1
6.483870967742E+2	5.873333333333E+1
6.489736070381E+2	5.666666666667E+1
6.495601173021E+2	5.196666666667E+1
6.501466275660E+2	5.706666666667E+1
6.507331378299E+2	5.686666666667E+1
6.513196480938E+2	5.246666666667E+1
6.519061583578E+2	5.333333333333E+1
6.524926686217E+2	5.833333333333E+1
6.530791788856E+2	6.206666666667E+1
6.536656891496E+2	6.160000000000E+1
6.542521994135E+2	5.500000000000E+1
6.548387096774E+2	5.143333333333E+1
6.554252199413E+2	5.840000000000E+1
6.560117302053E+2	5.413333333333E+1
6.565982404692E+2	5.096666666667E+1
6.571847507331E+2	5.320000000000E+1
6.577712609971E+2	6.343333333333E+1
6.583577712610E+2	6.790000000000E+1
6.589442815249E+2	5.630000000000E+1
6.595307917889E+2	6.096666666667E+1
6.601173020528E+2	5.620000000000E+1
6.607038123167E+2	5.556666666667E+1
6.612903225806E+2	5.063333333333E+1
6.618768328446E+2	5.560000000000E+1
6.624633431085E+2	5.940000000000E+1
6.630498533724E+2	6.560000000000E+1
6.636363636364E+2	5.890000000000E+1
6.642228739003E+2	6.150000000000E+1
6.648093841642E+2	5.733333333333E+1
6.653958944282E+2	5.530000000000E+1
6.659824046921E+2	5.673333333333E+1
6.665689149560E+2	5.410000000000E+1
6.671554252199E+2	5.646666666667E+1
6.677419354839E+2	5.723333333333E+1
6.683284457478E+2	5.753333333333E+1
6.689149560117E+2	6.516666666667E+1
6.695014662757E+2	6.086666666667E+1
6.700879765396E+2	6.620000000000E+1
6.706744868035E+2	6.130000000000E+1
6.712609970674E+2	5.700000000000E+1
6.718475073314E+2	5.206666666667E+1
6.724340175953E+2	6.056666666667E+1
6.730205278592E+2	5.843333333333E+1
6.736070381232E+2	6.070000000000E+1
6.741935483871E+2	6.206666666667E+1
6.747800586510E+2	5.710000000000E+1
6.753665689150E+2	5.320000000000E+1
6.759530791789E+2	5.640000000000E+1
6.765395894428E+2	5.033333333333E+1
6.771260997067E+2	5.756666666667E+1
6.777126099707E+2	5.583333333333E+1
6.782991202346E+2	5.446666666667E+1
6.788856304985E+2	5.860000000000E+1
6.794721407625E+2	6.076666666667E+1
6.800586510264E+2	5.326666666667E+1
6.806451612903E+2	5.476666666667E+1
6.812316715543E+2	5.883333333333E+1
6.818181818182E+2	6.443333333333E+1
6.824046920821E+2	5.726666666667E+1
6.829912023460E+2	5.946666666667E+1
6.835777126100E+2	6.076666666667E+1
6.841642228739E+2	5.773333333333E+1
6.847507331378E+2	6.506666666667E+1
6.853372434018E+2	6.510000000000E+1
6.859237536657E+2	5.963333333333E+1
6.865102639296E+2	6.300000000000E+1
6.870967741935E+2	5.600000000000E+1
6.876832844575E+2	6.373333333333E+1
6.882697947214E+2	5.536666666667E+1
6.888563049853E+2	5.786666666667E+1
6.894428152493E+2	6.276666666667E+1
6.900293255132E+2	6.920000000000E+1
6.906158357771E+2	5.666666666667E+1
6.912023460411E+2	6.256666666667E+1
6.917888563050E+2	5.533333333333E+1
6.923753665689E+2	5.743333333333E+1
6.929618768328E+2	5.710000000000E+1
6.935483870968E+2	6.156666666667E+1
6.941348973607E+2	6.016666666667E+1
6.947214076246E+2	5.200000000000E+1
6.953079178886E+2	6.166666666667E+1
6.958944281525E+2	6.256666666667E+1
6.964809384164E+2	5.596666666667E+1
6.970674486804E+2	5.806666666667E+1
6.976539589443E+2	5.760000000000E+1
6.982404692082E+2	5.370000000000E+1
6.988269794721E+2	5.820000000000E+1
6.994134897361E+2	5.890000000000E+1
7.000000000000E+2	6.623333333333E+1
7.005865102639E+2	5.540000000000E+1
7.011730205279E+2	5.666666666667E+1
7.017595307918E+2	5.956666666667E+1
7.023460410557E+2	6.043333333333E+1
7.029325513196E+2	5.830000000000E+1
7.035190615836E+2	6.320000000000E+1
7.041055718475E+2	5.926666666667E+1
7.046920821114E+2	5.840000000000E+1
7.052785923754E+2	5.590000000000E+1
7.058651026393E+2	5.826666666667E+1
7.064516129032E+2	6.006666666667E+1
7.070381231672E+2	5.486666666667E+1
7.076246334311E+2	6.080000000000E+1
7.082111436950E+2	5.463333333333E+1
7.087976539589E+2	5.270000000000E+1
7.093841642229E+2	5.626666666667E+1
7.099706744868E+2	5.663333333333E+1
7.105571847507E+2	5.530000000000E+1
7.111436950147E+2	5.763333333333E+1
7.117302052786E+2	6.563333333333E+1
7.123167155425E+2	5.960000000000E+1
7.129032258065E+2	6.200000000000E+1
7.134897360704E+2	5.316666666667E+1
7.140762463343E+2	5.793333333333E+1
7.146627565982E+2	5.700000000000E+1
7.152492668622E+2	5.650000000000E+1
7.158357771261E+2	6.583333333333E+1
7.164222873900E+2	6.190000000000E+1
7.170087976540E+2	5.723333333333E+1
7.175953079179E+2	5.420000000000E+1
7.181818181818E+2	6.113333333333E+1
7.187683284457E+2	6.126666666667E+1
7.193548387097E+2	6.023333333333E+1
7.199413489736E+2	5.990000000000E+1
7.205278592375E+2	6.313333333333E+1
7.211143695015E+2	6.593333333333E+1
7.217008797654E+2	6.170000000000E+1
7.222873900293E+2	5.916666666667E+1
7.228739002933E+2	6.063333333333E+1
7.234604105572E+2	5.990000000000E+1
7.240469208211E+2	6.010000000000E+1
7.246334310850E+2	5.040000000000E+1
7.252199413490E+2	6.336666666667E+1
7.258064516129E+2	6.300000000000E+1
7.263929618768E+2	5.896666666667E+1
7.269794721408E+2	6.906666666667E+1
7.275659824047E+2	6.263333333333E+1
7.281524926686E+2	5.850000000000E+1
7.287390029326E+2	5.520000000000E+1
7.293255131965E+2	5.950000000000E+1
7.299120234604E+2	5.560000000000E+1
7.304985337243E+2	6.223333333333E+1
7.310850439883E+2	5.896666666667E+1
7.316715542522E+2	5.880000000000E+1
7.322580645161E+2	6.206666666667E+1
7.328445747801E+2	6.606666666667E+1
7.334310850440E+2	5.646666666667E+1
7.340175953079E+2	5.583333333333E+1
7.346041055718E+2	5.710000000000E+1
7.351906158358E+2	5.963333333333E+1
7.357771260997E+2	6.610000000000E+1
7.363636363636E+2	5.606666666667E+1
7.369501466276E+2	5.800000000000E+1
7.375366568915E+2	6.063333333333E+1
7.381231671554E+2	6.063333333333E+1
7.387096774194E+2	6.260000000000E+1
7.392961876833E+2	6.153333333333E+1
7.398826979472E+2	5.670000000000E+1
7.404692082111E+2	5.750000000000E+1
7.410557184751E+2	5.726666666667E+1
7.416422287390E+2	6.706666666667E+1
7.422287390029E+2	6.283333333333E+1
7.428152492669E+2	5.943333333333E+1
7.434017595308E+2	6.556666666667E+1
7.439882697947E+2	5.830000000000E+1
7.445747800587E+2	5.740000000000E+1
7.451612903226E+2	5.920000000000E+1
7.457478005865E+2	5.526666666667E+1
7.463343108504E+2	5.633333333333E+1
7.469208211144E+2	5.806666666667E+1
7.475073313783E+2	5.886666666667E+1
7.480938416422E+2	5.626666666667E+1
7.486803519062E+2	6.250000000000E+1
7.492668621701E+2	5.500000000000E+1
7.498533724340E+2	5.450000000000E+1
7.504398826979E+2	5.566666666667E+1
7.510263929619E+2	5.916666666667E+1
7.516129032258E+2	6.143333333333E+1
7.521994134897E+2	5.786666666667E+1
7.527859237537E+2	6.186666666667E+1
7.533724340176E+2	6.453333333333E+1
7.539589442815E+2	5.836666666667E+1
7.545454545455E+2	5.476666666667E+1
7.551319648094E+2	5.890000000000E+1
7.557184750733E+2	5.353333333333E+1
7.563049853372E+2	5.143333333333E+1
7.568914956012E+2	5.856666666667E+1
7.574780058651E+2	6.126666666667E+1
7.580645161290E+2	6.143333333333E+1
7.586510263930E+2	5.546666666667E+1
7.592375366569E+2	5.766666666667E+1
7.598240469208E+2	5.840000000000E+1
7.604105571848E+2	5.663333333333E+1
7.609970674487E+2	5.670000000000E+1
7.615835777126E+2	5.846666666667E+1
7.621700879765E+2	4.920000000000E+1
7.627565982405E+2	5.943333333333E+1
7.633431085044E+2	6.070000000000E+1
7.639296187683E+2	5.820000000000E+1
7.645161290323E+2	5.903333333333E+1
7.651026392962E+2	6.170000000000E+1
7.656891495601E+2	6.030000000000E+1
7.662756598240E+2	4.676666666667E+1
7.668621700880E+2	6.390000000000E+1
7.674486803519E+2	5.586666666667E+1
7.680351906158E+2	5.956666666667E+1
7.686217008798E+2	6.803333333333E+1
7.692082111437E+2	5.683333333333E+1
7.697947214076E+2	6.180000000000E+1
7.703812316716E+2	5.520000000000E+1
7.709677419355E+2	5.493333333333E+1
7.715542521994E+2	5.480000000000E+1
7.721407624633E+2	6.290000000000E+1
7.727272727273E+2	5.476666666667E+1
7.733137829912E+2	5.673333333333E+1
7.739002932551E+2	5.780000000000E+1
7.744868035191E+2	5.656666666667E+1
7.750733137830E+2	5.736666666667E+1
7.756598240469E+2	5.656666666667E+1
7.762463343109E+2	5.906666666667E+1
7.768328445748E+2	5.253333333333E+1
7.774193548387E+2	5.313333333333E+1
7.780058651026E+2	5.943333333333E+1
7.785923753666E+2	6.380000000000E+1
7.791788856305E+2	6.046666666667E+1
7.797653958944E+2	5.973333333333E+1
7.803519061584E+2	5.636666666667E+1
7.809384164223E+2	6.183333333333E+1
7.815249266862E+2	6.413333333333E+1
7.821114369501E+2	5.753333333333E+1
7.826979472141E+2	6.226666666667E+1
7.832844574780E+2	6.503333333333E+1
7.838709677419E+2	5.993333333333E+1
7.844574780059E+2	6.496666666667E+1
7.850439882698E+2	5.506666666667E+1
7.856304985337E+2	5.706666666667E+1
7.862170087977E+2	5.456666666667E+1
7.868035190616E+2	6.043333333333E+1
7.873900293255E+2	5.656666666667E+1
7.879765395894E+2	6.140000000000E+1
7.885630498534E+2	6.083333333333E+1
7.891495601173E+2	6.363333333333E+1
7.897360703812E+2	6.283333333333E+1
7.903225806452E+2	6.273333333333E+1
7.909090909091E+2	5.420000000000E+1
7.914956011730E+2	5.586666666667E+1
7.920821114370E+2	6.040000000000E+1
7.926686217009E+2	5.766666666667E+1
7.932551319648E+2	6.080000000000E+1
7.938416422287E+2	5.690000000000E+1
7.944281524927E+2	6.450000000000E+1
7.950146627566E+2	6.710000000000E+1
7.956011730205E+2	6.103333333333E+1
7.961876832845E+2	5.720000000000E+1
7.967741935484E+2	6.050000000000E+1
7.973607038123E+2	5.226666666667E+1
7.979472140762E+2	5.803333333333E+1
7.985337243402E+2	5.766666666667E+1
7.991202346041E+2	6.216666666667E+1
7.997067448680E+2	5.650000000000E+1
8.002932551320E+2	5.803333333333E+1
8.008797653959E+2	5.226666666667E+1
8.014662756598E+2	5.413333333333E+1
8.020527859238E+2	5.873333333333E+1
8.026392961877E+2	5.600000000000E+1
8.032258064516E+2	5.976666666667E+1
8.038123167155E+2	6.036666666667E+1
8.043988269795E+2	5.640000000000E+1
8.049853372434E+2	5.966666666667E+1
8.055718475073E+2	6.273333333333E+1
8.061583577713E+2	6.330000000000E+1
8.067448680352E+2	6.103333333333E+1
8.073313782991E+2	5.566666666667E+1
8.079178885630E+2	5.743333333333E+1
8.085043988270E+2	5.596666666667E+1
8.090909090909E+2	6.163333333333E+1
8.096774193548E+2	5.513333333333E+1
8.102639296188E+2	5.440000000000E+1
8.108504398827E+2	6.560000000000E+1
8.114369501466E+2	5.870000000000E+1
8.120234604106E+2	5.953333333333E+1
8.126099706745E+2	6.270000000000E+1
8.131964809384E+2	5.893333333333E+1
8.137829912023E+2	5.580000000000E+1
8.143695014663E+2	6.443333333333E+1
8.149560117302E+2	6.340000000000E+1
8.155425219941E+2	6.156666666667E+1
8.161290322581E+2	5.593333333333E+1
8.167155425220E+2	6.000000000000E+1
8.173020527859E+2	5.716666666667E+1
8.178885630499E+2	5.720000000000E+1
8.184750733138E+2	6.446666666667E+1
8.190615835777E+2	6.450000000000E+1
8.196480938416E+2	5.770000000000E+1
8.202346041056E+2	6.506666666667E+1
8.208211143695E+2	6.190000000000E+1
8.214076246334E+2	5.750000000000E+1
8.219941348974E+2	5.936666666667E+1
8.225806451613E+2	6.383333333333E+1
8.231671554252E+2	5.843333333333E+1
8.237536656891E+2	6.270000000000E+1
8.243401759531E+2	5.536666666667E+1
8.249266862170E+2	6.180000000000E+1
8.255131964809E+2	6.330000000000E+1
8.260997067449E+2	5.143333333333E+1
8.266862170088E+2	5.933333333333E+1
8.272727272727E+2	6.060000000000E+1
8.278592375367E+2	5.703333333333E+1
8.284457478006E+2	6.583333333333E+1
8.290322580645E+2	6.003333333333E+1
8.296187683284E+2	6.540000000000E+1
8.302052785924E+2	6.033333333333E+1
8.307917888563E+2	6.056666666667E+1
8.313782991202E+2	6.033333333333E+1
8.319648093842E+2	5.893333333333E+1
8.325513196481E+2	6.380000000000E+1
8.331378299120E+2	5.426666666667E+1
8.337243401760E+2	5.770000000000E+1
8.343108504399E+2	5.563333333333E+1
8.348973607038E+2	5.943333333333E+1
8.354838709677E+2	5.240000000000E+1
8.360703812317E+2	5.903333333333E+1
8.366568914956E+2	5.863333333333E+1
8.372434017595E+2	6.110000000000E+1
8.378299120235E+2	5.016666666667E+1
8.384164222874E+2	5.863333333333E+1
8.390029325513E+2	6.056666666667E+1
8.395894428152E+2	6.693333333333E+1
8.401759530792E+2	5.566666666667E+1
8.407624633431E+2	5.946666666667E+1
8.413489736070E+2	6.013333333333E+1
8.419354838710E+2	6.063333333333E+1
8.425219941349E+2	6.066666666667E+1
8.431085043988E+2	5.883333333333E+1
8.436950146628E+2	5.890000000000E+1
8.442815249267E+2	6.153333333333E+1
8.448680351906E+2	7.040000000000E+1
8.454545454545E+2	6.193333333333E+1
8.460410557185E+2	6.400000000000E+1
8.466275659824E+2	5.203333333333E+1
8.472140762463E+2	6.403333333333E+1
8.478005865103E+2	5.780000000000E+1
8.483870967742E+2	6.326666666667E+1
8.489736070381E+2	5.680000000000E+1
8.495601173021E+2	7.673333333333E+1
8.501466275660E+2	6.590000000000E+1
8.507331378299E+2	6.080000000000E+1
8.513196480938E+2	6.170000000000E+1
8.519061583578E+2	5.996666666667E+1
8.524926686217E+2	5.563333333333E+1
8.530791788856E+2	5.673333333333E+1
8.536656891496E+2	5.883333333333E+1
8.542521994135E+2	6.093333333333E+1
8.548387096774E+2	6.103333333333E+1
8.554252199413E+2	6.013333333333E+1
8.560117302053E+2	6.230000000000E+1
8.565982404692E+2	6.500000000000E+1
8.571847507331E+2	5.793333333333E+1
8.577712609971E+2	5.866666666667E+1
8.583577712610E+2	5.466666666667E+1
8.589442815249E+2	6.340000000000E+1
8.595307917889E+2	5.843333333333E+1
8.601173020528E+2	5.900000000000E+1
8.607038123167E+2	5.956666666667E+1
8.612903225806E+2	5.830000000000E+1
8.618768328446E+2	5.960000000000E+1
8.624633431085E+2	5.563333333333E+1
8.630498533724E+2	5.456666666667E+1
8.636363636364E+2	6.390000000000E+1
8.642228739003E+2	5.716666666667E+1
8.648093841642E+2	6.033333333333E+1
8.653958944282E+2	5.986666666667E+1
8.659824046921E+2	6.203333333333E+1
8.665689149560E+2	6.440000000000E+1
8.671554252199E+2	6.213333333333E+1
8.677419354839E+2	6.183333333333E+1
8.683284457478E+2	5.600000000000E+1
8.689149560117E+2	6.393333333333E+1
8.695014662757E+2	6.306666666667E+1
8.700879765396E+2	5.996666666667E+1
8.706744868035E+2	6.680000000000E+1
8.712609970674E+2	6.086666666667E+1
8.718475073314E+2	5.843333333333E+1
8.724340175953E+2	5.910000000000E+1
8.730205278592E+2	5.683333333333E+1
8.736070381232E+2	5.496666666667E+1
8.741935483871E+2	6.003333333333E+1
8.747800586510E+2	6.046666666667E+1
8.753665689150E+2	6.376666666667E+1
8.759530791789E+2	6.313333333333E+1
8.765395894428E+2	5.953333333333E+1
8.771260997067E+2	5.616666666667E+1
8.777126099707E+2	6.120000000000E+1
8.782991202346E+2	6.153333333333E+1
8.788856304985E+2	6.106666666667E+1
8.794721407625E+2	6.050000000000E+1
8.800586510264E+2	5.826666666667E+1
8.806451612903E+2	5.990000000000E+1
8.812316715543E+2	6.243333333333E+1
8.818181818182E+2	5.183333333333E+1
8.824046920821E+2	6.336666666667E+1
8.829912023460E+2	5.703333333333E+1
8.835777126100E+2	5.760000000000E+1
8.841642228739E+2	5.573333333333E+1
8.847507331378E+2	5.426666666667E+1
8.853372434018E+2	5.803333333333E+1
8.859237536657E+2	6.450000000000E+1
8.865102639296E+2	6.113333333333E+1
8.870967741935E+2	5.573333333333E+1
8.876832844575E+2	5.710000000000E+1
8.882697947214E+2	5.453333333333E+1
8.888563049853E+2	6.316666666667E+1
8.894428152493E+2	6.110000000000E+1
8.900293255132E+2	5.853333333333E+1
8.906158357771E+2	5.936666666667E+1
8.912023460411E+2	6.766666666667E+1
8.917888563050E+2	5.726666666667E+1
8.923753665689E+2	5.980000000000E+1
8.929618768328E+2	6.446666666667E+1
8.935483870968E+2	5.486666666667E+1
8.941348973607E+2	6.570000000000E+1
8.947214076246E+2	6.023333333333E+1
8.953079178886E+2	6.566666666667E+1
8.958944281525E+2	6.400000000000E+1
8.964809384164E+2	5.743333333333E+1
8.970674486804E+2	5.980000000000E+1
8.976539589443E+2	5.566666666667E+1
8.982404692082E+2	5.783333333333E+1
8.988269794721E+2	6.430000000000E+1
8.994134897361E+2	6.176666666667E+1
9.000000000000E+2	6.490000000000E+1
9.005865102639E+2	6.370000000000E+1
9.011730205279E+2	6.416666666667E+1
9.017595307918E+2	5.706666666667E+1
9.023460410557E+2	5.430000000000E+1
9.029325513196E+2	5.886666666667E+1
9.035190615836E+2	5.523333333333E+1
9.041055718475E+2	5.676666666667E+1
9.046920821114E+2	6.090000000000E+1
9.052785923754E+2	6.076666666667E+1
9.058651026393E+2	6.026666666667E+1
9.064516129032E+2	6.033333333333E+1
9.070381231672E+2	6.083333333333E+1
9.076246334311E+2	6.360000000000E+1
9.082111436950E+2	6.420000000000E+1
9.087976539589E+2	5.416666666667E+1
9.093841642229E+2	5.563333333333E+1
9.099706744868E+2	5.820000000000E+1
9.105571847507E+2	6.106666666667E+1
9.111436950147E+2	6.313333333333E+1
9.117302052786E+2	5.793333333333E+1
9.123167155425E+2	5.996666666667E+1
9.129032258065E+2	5.110000000000E+1
9.134897360704E+2	5.876666666667E+1
9.140762463343E+2	6.830000000000E+1
9.146627565982E+2	6.093333333333E+1
9.152492668622E+2	6.190000000000E+1
9.158357771261E+2	6.143333333333E+1
9.164222873900E+2	5.993333333333E+1
9.170087976540E+2	5.863333333333E+1
9.175953079179E+2	5.620000000000E+1
9.181818181818E+2	5.620000000000E+1
9.187683284457E+2	6.050000000000E+1
9.193548387097E+2	6.150000000000E+1
9.199413489736E+2	6.920000000000E+1
9.205278592375E+2	6.043333333333E+1
9.211143695015E+2	5.700000000000E+1
9.217008797654E+2	5.016666666667E+1
9.222873900293E+2	5.873333333333E+1
9.228739002933E+2	5.516666666667E+1
9.234604105572E+2	6.116666666667E+1
9.240469208211E+2	6.116666666667E+1
9.246334310850E+2	6.726666666667E+1
9.252199413490E+2	5.786666666667E+1
9.258064516129E+2	6.150000000000E+1
9.263929618768E+2	6.400000000000E+1
9.269794721408E+2	5.243333333333E+1
9.275659824047E+2	5.103333333333E+1
9.281524926686E+2	6.043333333333E+1
9.287390029326E+2	6.080000000000E+1
9.293255131965E+2	6.213333333333E+1
9.299120234604E+2	6.453333333333E+1
9.304985337243E+2	5.920000000000E+1
9.310850439883E+2	5.820000000000E+1
9.316715542522E+2	6.446666666667E+1
9.322580645161E+2	6.146666666667E+1
9.328445747801E+2	5.693333333333E+1
9.334310850440E+2	5.810000000000E+1
9.340175953079E+2	6.603333333333E+1
9.346041055718E+2	6.530000000000E+1
9.351906158358E+2	6.053333333333E+1
9.357771260997E+2	6.270000000000E+1
9.363636363636E+2	6.196666666667E+1
9.369501466276E+2	5.810000000000E+1
9.375366568915E+2	6.103333333333E+1
9.381231671554E+2	6.326666666667E+1
9.387096774194E+2	6.286666666667E+1
9.392961876833E+2	5.346666666667E+1
9.398826979472E+2	5.716666666667E+1
9.404692082111E+2	6.156666666667E+1
9.410557184751E+2	6.643333333333E+1
9.416422287390E+2	6.310000000000E+1
9.422287390029E+2	5.310000000000E+1
9.428152492669E+2	5.893333333333E+1
9.434017595308E+2	6.030000000000E+1
9.439882697947E+2	6.576666666667E+1
9.445747800587E+2	6.230000000000E+1
9.451612903226E+2	6.116666666667E+1
9.457478005865E+2	5.396666666667E+1
9.463343108504E+2	6.430000000000E+1
9.469208211144E+2	5.730000000000E+1
9.475073313783E+2	5.946666666667E+1
9.480938416422E+2	6.943333333333E+1
9.486803519062E+2	6.103333333333E+1
9.492668621701E+2	6.266666666667E+1
9.498533724340E+2	6.486666666667E+1
9.504398826979E+2	6.283333333333E+1
9.510263929619E+2	5.586666666667E+1
9.516129032258E+2	5.890000000000E+1
9.521994134897E+2	6.216666666667E+1
9.527859237537E+2	6.866666666667E+1
9.533724340176E+2	5.850000000000E+1
9.539589442815E+2	5.503333333333E+1
9.545454545455E+2	6.283333333333E+1
9.551319648094E+2	6.283333333333E+1
9.557184750733E+2	5.766666666667E+1
9.563049853372E+2	5.766666666667E+1
9.568914956012E+2	6.080000000000E+1
9.574780058651E+2	6.186666666667E+1
9.580645161290E+2	6.243333333333E+1
9.586510263930E+2	5.506666666667E+1
9.592375366569E+2	6.740000000000E+1
9.598240469208E+2	6.136666666667E+1
9.604105571848E+2	5.810000000000E+1
9.609970674487E+2	5.990000000000E+1
9.615835777126E+2	6.143333333333E+1
9.621700879765E+2	6.300000000000E+1
9.627565982405E+2	6.556666666667E+1
9.633431085044E+2	6.486666666667E+1
9.639296187683E+2	6.313333333333E+1
9.645161290323E+2	6.860000000000E+1
9.651026392962E+2	6.000000000000E+1
9.656891495601E+2	5.013333333333E+1
9.662756598240E+2	6.416666666667E+1
9.668621700880E+2	6.086666666667E+1
9.674486803519E+2	6.436666666667E+1
9.680351906158E+2	5.760000000000E+1
9.686217008798E+2	6.456666666667E+1
9.692082111437E+2	5.693333333333E+1
9.697947214076E+2	5.326666666667E+1
9.703812316716E+2	5.900000000000E+1
9.709677419355E+2	6.350000000000E+1
9.715542521994E+2	6.033333333333E+1
9.721407624633E+2	6.143333333333E+1
9.727272727273E+2	6.246666666667E+1
9.733137829912E+2	6.833333333333E+1
9.739002932551E+2	6.223333333333E+1
9.744868035191E+2	6.083333333333E+1
9.750733137830E+2	5.930000000000E+1
9.756598240469E+2	5.760000000000E+1
9.762463343109E+2	5.716666666667E+1
9.768328445748E+2	6.276666666667E+1
9.774193548387E+2	6.070000000000E+1
9.780058651026E+2	6.043333333333E+1
9.785923753666E+2	6.190000000000E+1
9.791788856305E+2	7.093333333333E+1
9.797653958944E+2	6.340000000000E+1
9.803519061584E+2	5.696666666667E+1
9.809384164223E+2	6.303333333333E+1
9.815249266862E+2	6.493333333333E+1
9.821114369501E+2	6.423333333333E+1
9.826979472141E+2	6.103333333333E+1
9.832844574780E+2	6.226666666667E+1
9.838709677419E+2	6.573333333333E+1
9.844574780059E+2	5.356666666667E+1
9.850439882698E+2	6.263333333333E+1
9.856304985337E+2	6.100000000000E+1
9.862170087977E+2	6.083333333333E+1
9.868035190616E+2	6.556666666667E+1
9.873900293255E+2	5.993333333333E+1
9.879765395894E+2	5.683333333333E+1
9.885630498534E+2	5.890000000000E+1
9.891495601173E+2	6.346666666667E+1
9.897360703812E+2	5.856666666667E+1
9.903225806452E+2	6.293333333333E+1
9.909090909091E+2	6.070000000000E+1
9.914956011730E+2	6.830000000000E+1
9.920821114370E+2	6.556666666667E+1
9.926686217009E+2	5.986666666667E+1
9.932551319648E+2	6.460000000000E+1
9.938416422287E+2	6.123333333333E+1
9.944281524927E+2	5.750000000000E+1
9.950146627566E+2	6.410000000000E+1
9.956011730205E+2	6.336666666667E+1
9.961876832845E+2	6.086666666667E+1
9.967741935484E+2	5.866666666667E+1
9.973607038123E+2	6.396666666667E+1
9.979472140762E+2	6.736666666667E+1
9.985337243402E+2	6.923333333333E+1
9.991202346041E+2	6.506666666667E+1
9.997067448680E+2	5.126666666667E+1
1.000293255132E+3	5.790000000000E+1
1.000879765396E+3	6.853333333333E+1
1.001466275660E+3	5.906666666667E+1
1.002052785924E+3	6.020000000000E+1
1.002639296188E+3	5.710000000000E+1
1.003225806452E+3	6.070000000000E+1
1.003812316716E+3	6.040000000000E+1
1.004398826979E+3	6.476666666667E+1
1.004985337243E+3	6.206666666667E+1
1.005571847507E+3	6.350000000000E+1
1.006158357771E+3	6.380000000000E+1
1.006744868035E+3	6.060000000000E+1
1.007331378299E+3	6.306666666667E+1
1.007917888563E+3	6.066666666667E+1
1.008504398827E+3	5.460000000000E+1
1.009090909091E+3	6.570000000000E+1
1.009677419355E+3	6.266666666667E+1
1.010263929619E+3	7.506666666667E+1
1.010850439883E+3	8.543333333333E+1
1.011436950147E+3	1.033666666667E+2
1.012023460411E+3	1.176333333333E+2
1.012609970674E+3	1.404666666667E+2
1.013196480938E+3	1.525333333333E+2
1.013782991202E+3	1.687000000000E+2
1.014369501466E+3	1.831000000000E+2
1.014956011730E+3	1.908666666667E+2
1.015542521994E+3	1.933000000000E+2
1.016129032258E+3	1.957666666667E+2
1.016715542522E+3	2.037666666667E+2
1.017302052786E+3	1.908666666667E+2
1.017888563050E+3	1.915333333333E+2
1.018475073314E+3	1.882666666667E+2
1.019061583578E+3	1.889000000000E+2
1.019648093842E+3	1.875666666667E+2
1.020234604106E+3	1.790333333333E+2
1.020821114370E+3	1.757000000000E+2
1.021407624633E+3	1.592000000000E+2
1.021994134897E+3	1.546666666667E+2
1.022580645161E+3	1.571333333333E+2
1.023167155425E+3	1.451666666667E+2
1.023753665689E+3	1.284333333333E+2
1.024340175953E+3	1.175666666667E+2
1.024926686217E+3	9.493333333333E+1
1.025513196481E+3	8.563333333333E+1
1.026099706745E+3	7.780000000000E+1
1.026686217009E+3	7.156666666667E+1
1.027272727273E+3	7.353333333333E+1
1.027859237537E+3	8.010000000000E+1
1.028445747801E+3	8.873333333333E+1
1.029032258065E+3	8.896666666667E+1
1.029618768328E+3	9.330000000000E+1
1.030205278592E+3	8.780000000000E+1
1.030791788856E+3	9.286666666667E+1
1.031378299120E+3	1.032333333333E+2
1.031964809384E+3	1.118666666667E+2
1.032551319648E+3	1.164666666667E+2
1.033137829912E+3	1.340333333333E+2
1.033724340176E+3	1.419666666667E+2
1.034310850440E+3	1.554333333333E+2
1.034897360704E+3	1.681333333333E+2
1.035483870968E+3	1.753333333333E+2
1.036070381232E+3	1.765000000000E+2
1.036656891496E+3	1.731333333333E+2
1.037243401760E+3	1.752000000000E+2
1.037829912023E+3	1.781333333333E+2
1.038416422287E+3	1.768000000000E+2
1.039002932551E+3	1.788666666667E+2
1.039589442815E+3	1.766666666667E+2
1.040175953079E+3	1.671333333333E+2
1.040762463343E+3	1.641333333333E+2
1.041348973607E+3	1.624000000000E+2
1.041935483871E+3	1.538000000000E+2
1.042521994135E+3	1.521666666667E+2
1.043108504399E+3	1.484000000000E+2
1.043695014663E+3	1.365333333333E+2
1.044281524927E+3	1.242000000000E+2
1.044868035191E+3	1.192666666667E+2
1.045454545455E+3	1.144333333333E+2
1.046041055718E+3	1.163000000000E+2
1.046627565982E+3	1.019333333333E+2
1.047214076246E+3	9.443333333333E+1
1.047800586510E+3	9.570000000000E+1
1.048387096774E+3	8.366666666667E+1
1.048973607038E+3	7.770000000000E+1
1.049560117302E+3	6.940000000000E+1
1.050146627566E+3	7.220000000000E+1
1.050733137830E+3	6.860000000000E+1
1.051319648094E+3	7.506666666667E+1
1.051906158358E+3	6.623333333333E+1
1.052492668622E+3	6.560000000000E+1
1.053079178886E+3	6.576666666667E+1
1.053665689150E+3	6.506666666667E+1
1.054252199413E+3	5.790000000000E+1
1.054838709677E+3	6.060000000000E+1
1.055425219941E+3	6.893333333333E+1
1.056011730205E+3	6.863333333333E+1
1.056598240469E+3	5.916666666667E+1
1.057184750733E+3	5.603333333333E+1
1.057771260997E+3	5.693333333333E+1
1.058357771261E+3	6.150000000000E+1
1.058944281525E+3	6.110000000000E+1
1.059530791789E+3	6.183333333333E+1
1.060117302053E+3	6.043333333333E+1
1.060703812317E+3	7.030000000000E+1
1.061290322581E+3	6.140000000000E+1
1.061876832845E+3	5.966666666667E+1
1.062463343109E+3	6.483333333333E+1
1.063049853372E+3	5.393333333333E+1
1.063636363636E+3	6.353333333333E+1
1.064222873900E+3	6.146666666667E+1
1.064809384164E+3	6.270000000000E+1
1.065395894428E+3	6.380000000000E+1
1.065982404692E+3	6.123333333333E+1
1.066568914956E+3	5.706666666667E+1
1.067155425220E+3	5.800000000000E+1
1.067741935484E+3	5.763333333333E+1
1.068328445748E+3	6.003333333333E+1
1.068914956012E+3	5.790000000000E+1
1.069501466276E+3	6.246666666667E+1
1.070087976540E+3	6.663333333333E+1
1.070674486804E+3	7.086666666667E+1
1.071260997067E+3	6.806666666667E+1
1.071847507331E+3	5.756666666667E+1
1.072434017595E+3	5.796666666667E+1
1.073020527859E+3	5.913333333333E+1
1.073607038123E+3	6.266666666667E+1
1.074193548387E+3	6.743333333333E+1
1.074780058651E+3	6.110000000000E+1
1.075366568915E+3	5.480000000000E+1
1.075953079179E+3	5.873333333333E+1
1.076539589443E+3	6.070000000000E+1
1.077126099707E+3	5.970000000000E+1
1.077712609971E+3	6.323333333333E+1
1.078299120235E+3	6.396666666667E+1
1.078885630499E+3	6.730000000000E+1
1.079472140762E+3	7.033333333333E+1
1.080058651026E+3	6.040000000000E+1
1.080645161290E+3	6.010000000000E+1
1.081231671554E+3	5.916666666667E+1
1.081818181818E+3	6.240000000000E+1
1.082404692082E+3	6.383333333333E+1
1.082991202346E+3	6.523333333333E+1
1.083577712610E+3	6.036666666667E+1
1.084164222874E+3	6.596666666667E+1
1.084750733138E+3	6.623333333333E+1
1.085337243402E+3	6.076666666667E+1
1.085923753666E+3	5.770000000000E+1
1.086510263930E+3	5.913333333333E+1
1.087096774194E+3	6.406666666667E+1
1.087683284457E+3	6.370000000000E+1
1.088269794721E+3	6.490000000000E+1
1.088856304985E+3	6.163333333333E+1
1.089442815249E+3	6.073333333333E+1
1.090029325513E+3	5.233333333333E+1
1.090615835777E+3	5.770000000000E+1
1.091202346041E+3	6.416666666667E+1
1.091788856305E+3	6.353333333333E+1
1.092375366569E+3	5.656666666667E+1
1.092961876833E+3	6.560000000000E+1
1.093548387097E+3	5.820000000000E+1
1.094134897361E+3	5.546666666667E+1
1.094721407625E+3	5.810000000000E+1
1.095307917889E+3	6.376666666667E+1
1.095894428152E+3	6.053333333333E+1
1.096480938416E+3	7.150000000000E+1
1.097067448680E+3	7.096666666667E+1
1.097653958944E+3	6.110000000000E+1
1.098240469208E+3	6.333333333333E+1
1.098826979472E+3	6.126666666667E+1
1.099413489736E+3	5.786666666667E+1
1.100000000000E+3	4.460000000000E+1
