Wavelength	Intensity
5.050000000000E+2	1.699000000000E+1
5.050195503421E+2	1.228000000000E+1
5.050391006843E+2	9.430000000000E+0
5.050586510264E+2	1.071000000000E+1
5.050782013685E+2	1.539000000000E+1
5.050977517107E+2	1.300000000000E+1
5.051173020528E+2	1.299000000000E+1
5.051368523949E+2	1.574000000000E+1
5.051564027370E+2	1.460000000000E+1
5.051759530792E+2	2.093000000000E+1
5.051955034213E+2	1.522000000000E+1
5.052150537634E+2	1.301000000000E+1
5.052346041056E+2	1.508000000000E+1
5.052541544477E+2	1.323000000000E+1
5.052737047898E+2	1.780000000000E+1
5.052932551320E+2	1.382000000000E+1
5.053128054741E+2	1.298000000000E+1
5.053323558162E+2	1.571000000000E+1
5.053519061584E+2	1.119000000000E+1
5.053714565005E+2	1.612000000000E+1
5.053910068426E+2	1.146000000000E+1
5.054105571848E+2	1.065000000000E+1
5.054301075269E+2	1.440000000000E+1
5.054496578690E+2	1.186000000000E+1
5.054692082111E+2	1.927000000000E+1
5.054887585533E+2	1.380000000000E+1
5.055083088954E+2	1.249000000000E+1
5.055278592375E+2	1.521000000000E+1
5.055474095797E+2	1.203000000000E+1
5.055669599218E+2	1.702000000000E+1
5.055865102639E+2	1.198000000000E+1
5.056060606061E+2	1.127000000000E+1
5.056256109482E+2	1.582000000000E+1
5.056451612903E+2	1.396000000000E+1
5.056647116325E+2	1.629000000000E+1
5.056842619746E+2	2.218000000000E+1
5.057038123167E+2	1.779000000000E+1
5.057233626588E+2	2.053000000000E+1
5.057429130010E+2	1.634000000000E+1
5.057624633431E+2	1.515000000000E+1
5.057820136852E+2	1.811000000000E+1
5.058015640274E+2	1.383000000000E+1
5.058211143695E+2	1.816000000000E+1
5.058406647116E+2	1.634000000000E+1
5.058602150538E+2	1.859000000000E+1
5.058797653959E+2	2.339000000000E+1
5.058993157380E+2	2.096000000000E+1
5.059188660802E+2	2.433000000000E+1
5.059384164223E+2	2.195000000000E+1
5.059579667644E+2	2.256000000000E+1
5.059775171065E+2	2.561000000000E+1
5.059970674487E+2	2.211000000000E+1
5.060166177908E+2	2.490000000000E+1
5.060361681329E+2	2.195000000000E+1
5.060557184751E+2	2.134000000000E+1
5.060752688172E+2	2.312000000000E+1
5.060948191593E+2	2.116000000000E+1
5.061143695015E+2	2.191000000000E+1
5.061339198436E+2	2.606000000000E+1
5.061534701857E+2	1.914000000000E+1
5.061730205279E+2	2.076000000000E+1
5.061925708700E+2	1.971000000000E+1
5.062121212121E+2	2.190000000000E+1
5.062316715543E+2	2.754000000000E+1
5.062512218964E+2	2.479000000000E+1
5.062707722385E+2	2.696000000000E+1
5.062903225806E+2	2.499000000000E+1
5.063098729228E+2	2.712000000000E+1
5.063294232649E+2	3.175000000000E+1
5.063489736070E+2	3.197000000000E+1
5.063685239492E+2	3.749000000000E+1
5.063880742913E+2	3.233000000000E+1
5.064076246334E+2	2.970000000000E+1
5.064271749756E+2	2.922000000000E+1
5.064467253177E+2	2.972000000000E+1
5.064662756598E+2	3.566000000000E+1
5.064858260020E+2	3.516000000000E+1
5.065053763441E+2	3.674000000000E+1
5.065249266862E+2	4.035000000000E+1
5.065444770283E+2	3.951000000000E+1
5.065640273705E+2	4.060000000000E+1
5.065835777126E+2	4.332000000000E+1
5.066031280547E+2	4.195000000000E+1
5.066226783969E+2	4.295000000000E+1
5.066422287390E+2	4.161000000000E+1
5.066617790811E+2	4.176000000000E+1
5.066813294233E+2	4.305000000000E+1
5.067008797654E+2	4.272000000000E+1
5.067204301075E+2	4.392000000000E+1
5.067399804497E+2	4.491000000000E+1
5.067595307918E+2	4.695000000000E+1
5.067790811339E+2	4.945000000000E+1
5.067986314761E+2	5.482000000000E+1
5.068181818182E+2	6.165000000000E+1
5.068377321603E+2	5.821000000000E+1
5.068572825024E+2	5.585000000000E+1
5.068768328446E+2	5.442000000000E+1
5.068963831867E+2	5.657000000000E+1
5.069159335288E+2	6.037000000000E+1
5.069354838710E+2	6.157000000000E+1
5.069550342131E+2	6.371000000000E+1
5.069745845552E+2	6.612000000000E+1
5.069941348974E+2	6.870000000000E+1
5.070136852395E+2	7.164000000000E+1
5.070332355816E+2	7.516000000000E+1
5.070527859238E+2	7.295000000000E+1
5.070723362659E+2	7.168000000000E+1
5.070918866080E+2	7.457000000000E+1
5.071114369501E+2	7.791000000000E+1
5.071309872923E+2	8.193000000000E+1
5.071505376344E+2	8.082000000000E+1
5.071700879765E+2	8.061000000000E+1
5.071896383187E+2	7.935000000000E+1
5.072091886608E+2	7.849000000000E+1
5.072287390029E+2	7.793000000000E+1
5.072482893451E+2	8.305000000000E+1
5.072678396872E+2	8.896000000000E+1
5.072873900293E+2	8.838000000000E+1
5.073069403715E+2	8.833000000000E+1
5.073264907136E+2	8.863000000000E+1
5.073460410557E+2	8.892000000000E+1
5.073655913978E+2	8.998000000000E+1
5.073851417400E+2	9.110000000000E+1
5.074046920821E+2	9.299000000000E+1
5.074242424242E+2	9.520000000000E+1
5.074437927664E+2	9.845000000000E+1
5.074633431085E+2	1.022200000000E+2
5.074828934506E+2	1.034300000000E+2
5.075024437928E+2	1.049300000000E+2
5.075219941349E+2	1.067500000000E+2
5.075415444770E+2	1.077400000000E+2
5.075610948192E+2	1.090000000000E+2
5.075806451613E+2	1.106100000000E+2
5.076001955034E+2	1.110000000000E+2
5.076197458456E+2	1.119500000000E+2
5.076392961877E+2	1.144600000000E+2
5.076588465298E+2	1.173500000000E+2
5.076783968719E+2	1.205100000000E+2
5.076979472141E+2	1.222600000000E+2
5.077174975562E+2	1.244500000000E+2
5.077370478983E+2	1.253400000000E+2
5.077565982405E+2	1.266000000000E+2
5.077761485826E+2	1.281900000000E+2
5.077956989247E+2	1.291100000000E+2
5.078152492669E+2	1.305700000000E+2
5.078347996090E+2	1.321300000000E+2
5.078543499511E+2	1.340200000000E+2
5.078739002933E+2	1.361900000000E+2
5.078934506354E+2	1.386400000000E+2
5.079130009775E+2	1.415800000000E+2
5.079325513196E+2	1.415900000000E+2
5.079521016618E+2	1.419900000000E+2
5.079716520039E+2	1.427000000000E+2
5.079912023460E+2	1.413500000000E+2
5.080107526882E+2	1.403100000000E+2
5.080303030303E+2	1.395900000000E+2
5.080498533724E+2	1.419100000000E+2
5.080694037146E+2	1.447600000000E+2
5.080889540567E+2	1.467800000000E+2
5.081085043988E+2	1.491100000000E+2
5.081280547410E+2	1.518000000000E+2
5.081476050831E+2	1.565600000000E+2
5.081671554252E+2	1.618300000000E+2
5.081867057674E+2	1.601900000000E+2
5.082062561095E+2	1.588300000000E+2
5.082258064516E+2	1.578500000000E+2
5.082453567937E+2	1.563500000000E+2
5.082649071359E+2	1.553000000000E+2
5.082844574780E+2	1.591100000000E+2
5.083040078201E+2	1.632700000000E+2
5.083235581623E+2	1.677600000000E+2
5.083431085044E+2	1.699900000000E+2
5.083626588465E+2	1.727900000000E+2
5.083822091887E+2	1.749500000000E+2
5.084017595308E+2	1.774100000000E+2
5.084213098729E+2	1.802100000000E+2
5.084408602151E+2	1.831700000000E+2
5.084604105572E+2	1.864100000000E+2
5.084799608993E+2	1.900200000000E+2
5.084995112414E+2	1.923200000000E+2
5.085190615836E+2	1.952100000000E+2
5.085386119257E+2	1.967800000000E+2
5.085581622678E+2	1.986500000000E+2
5.085777126100E+2	2.009300000000E+2
5.085972629521E+2	2.015300000000E+2
5.086168132942E+2	2.025600000000E+2
5.086363636364E+2	2.067000000000E+2
5.086559139785E+2	2.111500000000E+2
5.086754643206E+2	2.159800000000E+2
5.086950146628E+2	2.119000000000E+2
5.087145650049E+2	2.083300000000E+2
5.087341153470E+2	2.111700000000E+2
5.087536656891E+2	2.144000000000E+2
5.087732160313E+2	2.179400000000E+2
5.087927663734E+2	2.152900000000E+2
5.088123167155E+2	2.131600000000E+2
5.088318670577E+2	2.151700000000E+2
5.088514173998E+2	2.174400000000E+2
5.088709677419E+2	2.200600000000E+2
5.088905180841E+2	2.224800000000E+2
5.089100684262E+2	2.252800000000E+2
5.089296187683E+2	2.284700000000E+2
5.089491691105E+2	2.326800000000E+2
5.089687194526E+2	2.373900000000E+2
5.089882697947E+2	2.389900000000E+2
5.090078201369E+2	2.409600000000E+2
5.090273704790E+2	2.432800000000E+2
5.090469208211E+2	2.466800000000E+2
5.090664711632E+2	2.506300000000E+2
5.090860215054E+2	2.539500000000E+2
5.091055718475E+2	2.576800000000E+2
5.091251221896E+2	2.616800000000E+2
5.091446725318E+2	2.650400000000E+2
5.091642228739E+2	2.689300000000E+2
5.091837732160E+2	2.696200000000E+2
5.092033235582E+2	2.707000000000E+2
5.092228739003E+2	2.720200000000E+2
5.092424242424E+2	2.775000000000E+2
5.092619745846E+2	2.835100000000E+2
5.092815249267E+2	2.851100000000E+2
5.093010752688E+2	2.870800000000E+2
5.093206256109E+2	2.893000000000E+2
5.093401759531E+2	2.959200000000E+2
5.093597262952E+2	3.030300000000E+2
5.093792766373E+2	3.067800000000E+2
5.093988269795E+2	3.108600000000E+2
5.094183773216E+2	3.152500000000E+2
5.094379276637E+2	3.164600000000E+2
5.094574780059E+2	3.180200000000E+2
5.094770283480E+2	3.199200000000E+2
5.094965786901E+2	3.216900000000E+2
5.095161290323E+2	3.239600000000E+2
5.095356793744E+2	3.288000000000E+2
5.095552297165E+2	3.339500000000E+2
5.095747800587E+2	3.394000000000E+2
5.095943304008E+2	3.393900000000E+2
5.096138807429E+2	3.397600000000E+2
5.096334310850E+2	3.416400000000E+2
5.096529814272E+2	3.439000000000E+2
5.096725317693E+2	3.464700000000E+2
5.096920821114E+2	3.495600000000E+2
5.097116324536E+2	3.530500000000E+2
5.097311827957E+2	3.585300000000E+2
5.097507331378E+2	3.642800000000E+2
5.097702834800E+2	3.704500000000E+2
5.097898338221E+2	3.765200000000E+2
5.098093841642E+2	3.830200000000E+2
5.098289345064E+2	3.884100000000E+2
5.098484848485E+2	3.940800000000E+2
5.098680351906E+2	4.000700000000E+2
5.098875855327E+2	4.042200000000E+2
5.099071358749E+2	4.087900000000E+2
5.099266862170E+2	4.136600000000E+2
5.099462365591E+2	4.177400000000E+2
5.099657869013E+2	4.222500000000E+2
5.099853372434E+2	4.289700000000E+2
5.100048875855E+2	4.360300000000E+2
5.100244379277E+2	4.434400000000E+2
5.100439882698E+2	4.457200000000E+2
5.100635386119E+2	4.485100000000E+2
5.100830889541E+2	4.546300000000E+2
5.101026392962E+2	4.611100000000E+2
5.101221896383E+2	4.679500000000E+2
5.101417399804E+2	4.781600000000E+2
5.101612903226E+2	4.888700000000E+2
5.101808406647E+2	4.937300000000E+2
5.102003910068E+2	4.988900000000E+2
5.102199413490E+2	5.043700000000E+2
5.102394916911E+2	5.088000000000E+2
5.102590420332E+2	5.137200000000E+2
5.102785923754E+2	5.211900000000E+2
5.102981427175E+2	5.290100000000E+2
5.103176930596E+2	5.372100000000E+2
5.103372434018E+2	5.436300000000E+2
5.103567937439E+2	5.505300000000E+2
5.103763440860E+2	5.549000000000E+2
5.103958944282E+2	5.596100000000E+2
5.104154447703E+2	5.646300000000E+2
5.104349951124E+2	5.701100000000E+2
5.104545454545E+2	5.759200000000E+2
5.104740957967E+2	5.821200000000E+2
5.104936461388E+2	5.808500000000E+2
5.105131964809E+2	5.801000000000E+2
5.105327468231E+2	5.871300000000E+2
5.105522971652E+2	5.944800000000E+2
5.105718475073E+2	6.021900000000E+2
5.105913978495E+2	6.078800000000E+2
5.106109481916E+2	6.140500000000E+2
5.106304985337E+2	6.175700000000E+2
5.106500488759E+2	6.214200000000E+2
5.106695992180E+2	6.256400000000E+2
5.106891495601E+2	6.358600000000E+2
5.107086999022E+2	6.465800000000E+2
5.107282502444E+2	6.526600000000E+2
5.107478005865E+2	6.591000000000E+2
5.107673509286E+2	6.658600000000E+2
5.107869012708E+2	6.749800000000E+2
5.108064516129E+2	6.845600000000E+2
5.108260019550E+2	6.883000000000E+2
5.108455522972E+2	6.923600000000E+2
5.108651026393E+2	6.967400000000E+2
5.108846529814E+2	7.042200000000E+2
5.109042033236E+2	7.120900000000E+2
5.109237536657E+2	7.202700000000E+2
5.109433040078E+2	7.316900000000E+2
5.109628543500E+2	7.436100000000E+2
5.109824046921E+2	7.468300000000E+2
5.110019550342E+2	7.503800000000E+2
5.110215053763E+2	7.542400000000E+2
5.110410557185E+2	7.687400000000E+2
5.110606060606E+2	7.837300000000E+2
5.110801564027E+2	7.916900000000E+2
5.110997067449E+2	7.999200000000E+2
5.111192570870E+2	8.085400000000E+2
5.111388074291E+2	8.119500000000E+2
5.111583577713E+2	8.158600000000E+2
5.111779081134E+2	8.228800000000E+2
5.111974584555E+2	8.302200000000E+2
5.112170087977E+2	8.379300000000E+2
5.112365591398E+2	8.471500000000E+2
5.112561094819E+2	8.568800000000E+2
5.112756598240E+2	8.599000000000E+2
5.112952101662E+2	8.632300000000E+2
5.113147605083E+2	8.669600000000E+2
5.113343108504E+2	8.672200000000E+2
5.113538611926E+2	8.678300000000E+2
5.113734115347E+2	8.687200000000E+2
5.113929618768E+2	8.669000000000E+2
5.114125122190E+2	8.655900000000E+2
5.114320625611E+2	8.672300000000E+2
5.114516129032E+2	8.691400000000E+2
5.114711632454E+2	8.714200000000E+2
5.114907135875E+2	8.697900000000E+2
5.115102639296E+2	8.686300000000E+2
5.115298142717E+2	8.681700000000E+2
5.115493646139E+2	8.680400000000E+2
5.115689149560E+2	8.682300000000E+2
5.115884652981E+2	8.693500000000E+2
5.116080156403E+2	8.709700000000E+2
5.116275659824E+2	8.714800000000E+2
5.116471163245E+2	8.722900000000E+2
5.116666666667E+2	8.734800000000E+2
5.116862170088E+2	8.823600000000E+2
5.117057673509E+2	8.916300000000E+2
5.117253176931E+2	8.960800000000E+2
5.117448680352E+2	9.009200000000E+2
5.117644183773E+2	9.060600000000E+2
5.117839687195E+2	9.015300000000E+2
5.118035190616E+2	8.974700000000E+2
5.118230694037E+2	8.966100000000E+2
5.118426197458E+2	8.960800000000E+2
5.118621700880E+2	8.959300000000E+2
5.118817204301E+2	8.944200000000E+2
5.119012707722E+2	8.932700000000E+2
5.119208211144E+2	8.924800000000E+2
5.119403714565E+2	8.873700000000E+2
5.119599217986E+2	8.826900000000E+2
5.119794721408E+2	8.789700000000E+2
5.119990224829E+2	8.755800000000E+2
5.120185728250E+2	8.725500000000E+2
5.120381231672E+2	8.618300000000E+2
5.120576735093E+2	8.516200000000E+2
5.120772238514E+2	8.488300000000E+2
5.120967741935E+2	8.463700000000E+2
5.121163245357E+2	8.442200000000E+2
5.121358748778E+2	8.340600000000E+2
5.121554252199E+2	8.244500000000E+2
5.121749755621E+2	8.174400000000E+2
5.121945259042E+2	8.108000000000E+2
5.122140762463E+2	8.044300000000E+2
5.122336265885E+2	7.977500000000E+2
5.122531769306E+2	7.915400000000E+2
5.122727272727E+2	7.783100000000E+2
5.122922776149E+2	7.653600000000E+2
5.123118279570E+2	7.527900000000E+2
5.123313782991E+2	7.439300000000E+2
5.123509286413E+2	7.354400000000E+2
5.123704789834E+2	7.273300000000E+2
5.123900293255E+2	7.129800000000E+2
5.124095796676E+2	6.990600000000E+2
5.124291300098E+2	6.851600000000E+2
5.124486803519E+2	6.715600000000E+2
5.124682306940E+2	6.583300000000E+2
5.124877810362E+2	6.347200000000E+2
5.125073313783E+2	6.116700000000E+2
5.125268817204E+2	5.962000000000E+2
5.125464320626E+2	5.810900000000E+2
5.125659824047E+2	5.663000000000E+2
5.125855327468E+2	5.485300000000E+2
5.126050830890E+2	5.312400000000E+2
5.126246334311E+2	5.224800000000E+2
5.126441837732E+2	5.140600000000E+2
5.126637341153E+2	5.059900000000E+2
5.126832844575E+2	4.789500000000E+2
5.127028347996E+2	4.524000000000E+2
5.127223851417E+2	4.452500000000E+2
5.127419354839E+2	4.384600000000E+2
5.127614858260E+2	4.320100000000E+2
5.127810361681E+2	4.067400000000E+2
5.128005865103E+2	3.819200000000E+2
5.128201368524E+2	3.687900000000E+2
5.128396871945E+2	3.559500000000E+2
5.128592375367E+2	3.434100000000E+2
5.128787878788E+2	3.309000000000E+2
5.128983382209E+2	3.187000000000E+2
5.129178885630E+2	3.068800000000E+2
5.129374389052E+2	2.885600000000E+2
5.129569892473E+2	2.707300000000E+2
5.129765395894E+2	2.595200000000E+2
5.129960899316E+2	2.486500000000E+2
5.130156402737E+2	2.380800000000E+2
5.130351906158E+2	2.206600000000E+2
5.130547409580E+2	2.037800000000E+2
5.130742913001E+2	1.946300000000E+2
5.130938416422E+2	1.858500000000E+2
5.131133919844E+2	1.774200000000E+2
5.131329423265E+2	1.594500000000E+2
5.131524926686E+2	1.420000000000E+2
5.131720430108E+2	1.321400000000E+2
5.131915933529E+2	1.226600000000E+2
5.132111436950E+2	1.134700000000E+2
5.132306940371E+2	1.021500000000E+2
5.132502443793E+2	9.125000000000E+1
5.132697947214E+2	8.644000000000E+1
5.132893450635E+2	8.197000000000E+1
5.133088954057E+2	7.806000000000E+1
5.133284457478E+2	7.227000000000E+1
5.133479960899E+2	6.714000000000E+1
5.133675464321E+2	6.283000000000E+1
5.133870967742E+2	5.419000000000E+1
5.134066471163E+2	4.742000000000E+1
5.134261974585E+2	4.216000000000E+1
5.134457478006E+2	3.827000000000E+1
5.134652981427E+2	3.765000000000E+1
5.134848484848E+2	3.351000000000E+1
5.135043988270E+2	3.483000000000E+1
5.135239491691E+2	3.330000000000E+1
5.135434995112E+2	3.367000000000E+1
5.135630498534E+2	3.539000000000E+1
5.135826001955E+2	3.588000000000E+1
5.136021505376E+2	4.056000000000E+1
5.136217008798E+2	4.133000000000E+1
5.136412512219E+2	4.425000000000E+1
5.136608015640E+2	4.858000000000E+1
5.136803519062E+2	5.340000000000E+1
5.136999022483E+2	5.986000000000E+1
5.137194525904E+2	6.458000000000E+1
5.137390029326E+2	7.003000000000E+1
5.137585532747E+2	7.647000000000E+1
5.137781036168E+2	8.946000000000E+1
5.137976539589E+2	1.036700000000E+2
5.138172043011E+2	1.072500000000E+2
5.138367546432E+2	1.112500000000E+2
5.138563049853E+2	1.155600000000E+2
5.138758553275E+2	1.233900000000E+2
5.138954056696E+2	1.314800000000E+2
5.139149560117E+2	1.399100000000E+2
5.139345063539E+2	1.538000000000E+2
5.139540566960E+2	1.682000000000E+2
5.139736070381E+2	1.785900000000E+2
5.139931573803E+2	1.893000000000E+2
5.140127077224E+2	2.004200000000E+2
5.140322580645E+2	2.155500000000E+2
5.140518084066E+2	2.311900000000E+2
5.140713587488E+2	2.395700000000E+2
5.140909090909E+2	2.483600000000E+2
5.141104594330E+2	2.573900000000E+2
5.141300097752E+2	2.727300000000E+2
5.141495601173E+2	2.885500000000E+2
5.141691104594E+2	2.981600000000E+2
5.141886608016E+2	3.081200000000E+2
5.142082111437E+2	3.183400000000E+2
5.142277614858E+2	3.351400000000E+2
5.142473118280E+2	3.524400000000E+2
5.142668621701E+2	3.595900000000E+2
5.142864125122E+2	3.671300000000E+2
5.143059628543E+2	3.749200000000E+2
5.143255131965E+2	3.845300000000E+2
5.143450635386E+2	3.946300000000E+2
5.143646138807E+2	4.029200000000E+2
5.143841642229E+2	4.115100000000E+2
5.144037145650E+2	4.205200000000E+2
5.144232649071E+2	4.259900000000E+2
5.144428152493E+2	4.317300000000E+2
5.144623655914E+2	4.378200000000E+2
5.144819159335E+2	4.409900000000E+2
5.145014662757E+2	4.447000000000E+2
5.145210166178E+2	4.474000000000E+2
5.145405669599E+2	4.505000000000E+2
5.145601173021E+2	4.539100000000E+2
5.145796676442E+2	4.533400000000E+2
5.145992179863E+2	4.533300000000E+2
5.146187683284E+2	4.529500000000E+2
5.146383186706E+2	4.529200000000E+2
5.146578690127E+2	4.532500000000E+2
5.146774193548E+2	4.464300000000E+2
5.146969696970E+2	4.399600000000E+2
5.147165200391E+2	4.389300000000E+2
5.147360703812E+2	4.381500000000E+2
5.147556207234E+2	4.377500000000E+2
5.147751710655E+2	4.353300000000E+2
5.147947214076E+2	4.333800000000E+2
5.148142717498E+2	4.292300000000E+2
5.148338220919E+2	4.254000000000E+2
5.148533724340E+2	4.219100000000E+2
5.148729227761E+2	4.190200000000E+2
5.148924731183E+2	4.163900000000E+2
5.149120234604E+2	4.141000000000E+2
5.149315738025E+2	4.036700000000E+2
5.149511241447E+2	3.937300000000E+2
5.149706744868E+2	3.865000000000E+2
5.149902248289E+2	3.796400000000E+2
5.150097751711E+2	3.730500000000E+2
5.150293255132E+2	3.629500000000E+2
5.150488758553E+2	3.533500000000E+2
5.150684261975E+2	3.464500000000E+2
5.150879765396E+2	3.399000000000E+2
5.151075268817E+2	3.336700000000E+2
5.151270772239E+2	3.171900000000E+2
5.151466275660E+2	3.011500000000E+2
5.151661779081E+2	2.934800000000E+2
5.151857282502E+2	2.861800000000E+2
5.152052785924E+2	2.792400000000E+2
5.152248289345E+2	2.623000000000E+2
5.152443792766E+2	2.458600000000E+2
5.152639296188E+2	2.376900000000E+2
5.152834799609E+2	2.297900000000E+2
5.153030303030E+2	2.222100000000E+2
5.153225806452E+2	2.087900000000E+2
5.153421309873E+2	1.959100000000E+2
5.153616813294E+2	1.869400000000E+2
5.153812316716E+2	1.782800000000E+2
5.154007820137E+2	1.699900000000E+2
5.154203323558E+2	1.649700000000E+2
5.154398826979E+2	1.602600000000E+2
5.154594330401E+2	1.559300000000E+2
5.154789833822E+2	1.454100000000E+2
5.154985337243E+2	1.354200000000E+2
5.155180840665E+2	1.265000000000E+2
5.155376344086E+2	1.180300000000E+2
5.155571847507E+2	1.097900000000E+2
5.155767350929E+2	9.921000000000E+1
5.155962854350E+2	8.921000000000E+1
5.156158357771E+2	8.394000000000E+1
5.156353861193E+2	7.910000000000E+1
5.156549364614E+2	7.510000000000E+1
5.156744868035E+2	6.893000000000E+1
5.156940371457E+2	6.398000000000E+1
5.157135874878E+2	5.814000000000E+1
5.157331378299E+2	5.291000000000E+1
5.157526881720E+2	4.919000000000E+1
5.157722385142E+2	4.494000000000E+1
5.157917888563E+2	4.499000000000E+1
5.158113391984E+2	4.185000000000E+1
5.158308895406E+2	4.126000000000E+1
5.158504398827E+2	4.212000000000E+1
5.158699902248E+2	3.149000000000E+1
5.158895405670E+2	2.526000000000E+1
5.159090909091E+2	2.313000000000E+1
5.159286412512E+2	2.395000000000E+1
5.159481915934E+2	2.735000000000E+1
5.159677419355E+2	2.436000000000E+1
5.159872922776E+2	2.420000000000E+1
5.160068426197E+2	2.671000000000E+1
5.160263929619E+2	2.159000000000E+1
5.160459433040E+2	2.409000000000E+1
5.160654936461E+2	1.919000000000E+1
5.160850439883E+2	1.667000000000E+1
5.161045943304E+2	1.757000000000E+1
5.161241446725E+2	1.871000000000E+1
5.161436950147E+2	2.630000000000E+1
5.161632453568E+2	2.263000000000E+1
5.161827956989E+2	2.139000000000E+1
5.162023460411E+2	2.316000000000E+1
5.162218963832E+2	2.115000000000E+1
5.162414467253E+2	2.622000000000E+1
5.162609970674E+2	2.375000000000E+1
5.162805474096E+2	2.481000000000E+1
5.163000977517E+2	2.933000000000E+1
5.163196480938E+2	2.719000000000E+1
5.163391984360E+2	3.268000000000E+1
5.163587487781E+2	3.032000000000E+1
5.163782991202E+2	2.938000000000E+1
5.163978494624E+2	3.068000000000E+1
5.164173998045E+2	3.232000000000E+1
5.164369501466E+2	3.608000000000E+1
5.164565004888E+2	4.187000000000E+1
5.164760508309E+2	4.008000000000E+1
5.164956011730E+2	4.216000000000E+1
5.165151515152E+2	3.897000000000E+1
5.165347018573E+2	3.861000000000E+1
5.165542521994E+2	4.057000000000E+1
5.165738025415E+2	4.353000000000E+1
5.165933528837E+2	4.977000000000E+1
5.166129032258E+2	4.871000000000E+1
5.166324535679E+2	4.866000000000E+1
5.166520039101E+2	5.037000000000E+1
5.166715542522E+2	4.898000000000E+1
5.166911045943E+2	5.018000000000E+1
5.167106549365E+2	5.337000000000E+1
5.167302052786E+2	5.786000000000E+1
5.167497556207E+2	6.342000000000E+1
5.167693059629E+2	5.867000000000E+1
5.167888563050E+2	5.541000000000E+1
5.168084066471E+2	5.709000000000E+1
5.168279569892E+2	5.918000000000E+1
5.168475073314E+2	6.178000000000E+1
5.168670576735E+2	6.176000000000E+1
5.168866080156E+2	6.250000000000E+1
5.169061583578E+2	6.424000000000E+1
5.169257086999E+2	6.651000000000E+1
5.169452590420E+2	6.932000000000E+1
5.169648093842E+2	7.144000000000E+1
5.169843597263E+2	7.409000000000E+1
5.170039100684E+2	7.723000000000E+1
5.170234604106E+2	7.566000000000E+1
5.170430107527E+2	7.471000000000E+1
5.170625610948E+2	7.401000000000E+1
5.170821114370E+2	7.359000000000E+1
5.171016617791E+2	7.354000000000E+1
5.171212121212E+2	7.837000000000E+1
5.171407624633E+2	8.397000000000E+1
5.171603128055E+2	8.393000000000E+1
5.171798631476E+2	8.442000000000E+1
5.171994134897E+2	8.522000000000E+1
5.172189638319E+2	8.757000000000E+1
5.172385141740E+2	9.049000000000E+1
5.172580645161E+2	9.105000000000E+1
5.172776148583E+2	9.187000000000E+1
5.172971652004E+2	9.329000000000E+1
5.173167155425E+2	9.242000000000E+1
5.173362658847E+2	9.218000000000E+1
5.173558162268E+2	9.377000000000E+1
5.173753665689E+2	9.563000000000E+1
5.173949169110E+2	9.791000000000E+1
5.174144672532E+2	9.708000000000E+1
5.174340175953E+2	9.677000000000E+1
5.174535679374E+2	1.008000000000E+2
5.174731182796E+2	1.051300000000E+2
5.174926686217E+2	1.098200000000E+2
5.175122189638E+2	1.070600000000E+2
5.175317693060E+2	1.046400000000E+2
5.175513196481E+2	1.025500000000E+2
5.175708699902E+2	1.043800000000E+2
5.175904203324E+2	1.067000000000E+2
5.176099706745E+2	1.088300000000E+2
5.176295210166E+2	1.113500000000E+2
5.176490713587E+2	1.141000000000E+2
5.176686217009E+2	1.130500000000E+2
5.176881720430E+2	1.125100000000E+2
5.177077223851E+2	1.122800000000E+2
5.177272727273E+2	1.123700000000E+2
5.177468230694E+2	1.127700000000E+2
5.177663734115E+2	1.130600000000E+2
5.177859237537E+2	1.138000000000E+2
5.178054740958E+2	1.150400000000E+2
5.178250244379E+2	1.165800000000E+2
5.178445747801E+2	1.184300000000E+2
5.178641251222E+2	1.171400000000E+2
5.178836754643E+2	1.163200000000E+2
5.179032258065E+2	1.155100000000E+2
5.179227761486E+2	1.150300000000E+2
5.179423264907E+2	1.148700000000E+2
5.179618768328E+2	1.158900000000E+2
5.179814271750E+2	1.174400000000E+2
5.180009775171E+2	1.173400000000E+2
5.180205278592E+2	1.176200000000E+2
5.180400782014E+2	1.181600000000E+2
5.180596285435E+2	1.161500000000E+2
5.180791788856E+2	1.145000000000E+2
5.180987292278E+2	1.131000000000E+2
5.181182795699E+2	1.108500000000E+2
5.181378299120E+2	1.095100000000E+2
5.181573802542E+2	1.084700000000E+2
5.181769305963E+2	1.080600000000E+2
5.181964809384E+2	1.080900000000E+2
5.182160312805E+2	1.082500000000E+2
5.182355816227E+2	1.088500000000E+2
5.182551319648E+2	1.060300000000E+2
5.182746823069E+2	1.035100000000E+2
5.182942326491E+2	1.013400000000E+2
5.183137829912E+2	9.524000000000E+1
5.183333333333E+2	8.965000000000E+1
5.183528836755E+2	8.998000000000E+1
5.183724340176E+2	9.063000000000E+1
5.183919843597E+2	9.163000000000E+1
5.184115347019E+2	9.010000000000E+1
5.184310850440E+2	8.901000000000E+1
5.184506353861E+2	8.498000000000E+1
5.184701857283E+2	8.124000000000E+1
5.184897360704E+2	7.790000000000E+1
5.185092864125E+2	7.559000000000E+1
5.185288367546E+2	7.360000000000E+1
5.185483870968E+2	7.240000000000E+1
5.185679374389E+2	7.056000000000E+1
5.185874877810E+2	6.995000000000E+1
5.186070381232E+2	6.893000000000E+1
5.186265884653E+2	6.867000000000E+1
5.186461388074E+2	6.949000000000E+1
5.186656891496E+2	6.347000000000E+1
5.186852394917E+2	5.960000000000E+1
5.187047898338E+2	5.832000000000E+1
5.187243401760E+2	5.849000000000E+1
5.187438905181E+2	5.949000000000E+1
5.187634408602E+2	5.783000000000E+1
5.187829912023E+2	5.760000000000E+1
5.188025415445E+2	5.389000000000E+1
5.188220918866E+2	5.094000000000E+1
5.188416422287E+2	4.940000000000E+1
5.188611925709E+2	5.074000000000E+1
5.188807429130E+2	5.519000000000E+1
5.189002932551E+2	5.248000000000E+1
5.189198435973E+2	5.042000000000E+1
5.189393939394E+2	5.021000000000E+1
5.189589442815E+2	4.399000000000E+1
5.189784946237E+2	4.070000000000E+1
5.189980449658E+2	3.662000000000E+1
5.190175953079E+2	3.469000000000E+1
5.190371456500E+2	3.516000000000E+1
5.190566959922E+2	3.367000000000E+1
5.190762463343E+2	3.521000000000E+1
5.190957966764E+2	3.926000000000E+1
5.191153470186E+2	3.600000000000E+1
5.191348973607E+2	3.716000000000E+1
5.191544477028E+2	3.254000000000E+1
5.191739980450E+2	3.035000000000E+1
5.191935483871E+2	3.121000000000E+1
5.192130987292E+2	2.726000000000E+1
5.192326490714E+2	3.045000000000E+1
5.192521994135E+2	2.777000000000E+1
5.192717497556E+2	2.759000000000E+1
5.192913000978E+2	2.995000000000E+1
5.193108504399E+2	2.573000000000E+1
5.193304007820E+2	2.961000000000E+1
5.193499511241E+2	2.583000000000E+1
5.193695014663E+2	2.534000000000E+1
5.193890518084E+2	2.870000000000E+1
5.194086021505E+2	2.374000000000E+1
5.194281524927E+2	2.578000000000E+1
5.194477028348E+2	2.236000000000E+1
5.194672531769E+2	2.300000000000E+1
5.194868035191E+2	2.709000000000E+1
5.195063538612E+2	2.176000000000E+1
5.195259042033E+2	2.432000000000E+1
5.195454545455E+2	2.288000000000E+1
5.195650048876E+2	2.525000000000E+1
5.195845552297E+2	2.945000000000E+1
5.196041055718E+2	2.572000000000E+1
5.196236559140E+2	2.473000000000E+1
5.196432062561E+2	2.702000000000E+1
5.196627565982E+2	2.558000000000E+1
5.196823069404E+2	2.966000000000E+1
5.197018572825E+2	2.781000000000E+1
5.197214076246E+2	2.939000000000E+1
5.197409579668E+2	3.358000000000E+1
5.197605083089E+2	2.953000000000E+1
5.197800586510E+2	3.131000000000E+1
5.197996089932E+2	3.029000000000E+1
5.198191593353E+2	3.152000000000E+1
5.198387096774E+2	3.539000000000E+1
5.198582600196E+2	3.044000000000E+1
5.198778103617E+2	3.228000000000E+1
5.198973607038E+2	3.255000000000E+1
5.199169110459E+2	3.581000000000E+1
5.199364613881E+2	4.106000000000E+1
5.199560117302E+2	4.003000000000E+1
5.199755620723E+2	4.373000000000E+1
5.199951124145E+2	4.445000000000E+1
5.200146627566E+2	4.640000000000E+1
5.200342130987E+2	5.039000000000E+1
5.200537634409E+2	5.046000000000E+1
5.200733137830E+2	5.318000000000E+1
5.200928641251E+2	5.404000000000E+1
5.201124144673E+2	5.563000000000E+1
5.201319648094E+2	5.801000000000E+1
5.201515151515E+2	5.700000000000E+1
5.201710654936E+2	5.671000000000E+1
5.201906158358E+2	5.711000000000E+1
5.202101661779E+2	6.171000000000E+1
5.202297165200E+2	6.691000000000E+1
5.202492668622E+2	7.206000000000E+1
5.202688172043E+2	7.748000000000E+1
5.202883675464E+2	8.341000000000E+1
5.203079178886E+2	8.427000000000E+1
5.203274682307E+2	8.571000000000E+1
5.203470185728E+2	8.598000000000E+1
5.203665689150E+2	8.671000000000E+1
5.203861192571E+2	8.773000000000E+1
5.204056695992E+2	9.113000000000E+1
5.204252199413E+2	9.507000000000E+1
5.204447702835E+2	9.682000000000E+1
5.204643206256E+2	9.895000000000E+1
5.204838709677E+2	1.013700000000E+2
5.205034213099E+2	1.032600000000E+2
5.205229716520E+2	1.055600000000E+2
5.205425219941E+2	1.086800000000E+2
5.205620723363E+2	1.120500000000E+2
5.205816226784E+2	1.157800000000E+2
5.206011730205E+2	1.170600000000E+2
5.206207233627E+2	1.187800000000E+2
5.206402737048E+2	1.230700000000E+2
5.206598240469E+2	1.277600000000E+2
5.206793743891E+2	1.327200000000E+2
5.206989247312E+2	1.344200000000E+2
5.207184750733E+2	1.364200000000E+2
5.207380254154E+2	1.387900000000E+2
5.207575757576E+2	1.388100000000E+2
5.207771260997E+2	1.392800000000E+2
5.207966764418E+2	1.388000000000E+2
5.208162267840E+2	1.386300000000E+2
5.208357771261E+2	1.388700000000E+2
5.208553274682E+2	1.442600000000E+2
5.208748778104E+2	1.501700000000E+2
5.208944281525E+2	1.506100000000E+2
5.209139784946E+2	1.513300000000E+2
5.209335288368E+2	1.524200000000E+2
5.209530791789E+2	1.521300000000E+2
5.209726295210E+2	1.524700000000E+2
5.209921798631E+2	1.545400000000E+2
5.210117302053E+2	1.569600000000E+2
5.210312805474E+2	1.596000000000E+2
5.210508308895E+2	1.603100000000E+2
5.210703812317E+2	1.614800000000E+2
5.210899315738E+2	1.577900000000E+2
5.211094819159E+2	1.544300000000E+2
5.211290322581E+2	1.514000000000E+2
5.211485826002E+2	1.547900000000E+2
5.211681329423E+2	1.587100000000E+2
5.211876832845E+2	1.608000000000E+2
5.212072336266E+2	1.632600000000E+2
5.212267839687E+2	1.660000000000E+2
5.212463343109E+2	1.673700000000E+2
5.212658846530E+2	1.691100000000E+2
5.212854349951E+2	1.711400000000E+2
5.213049853372E+2	1.687700000000E+2
5.213245356794E+2	1.668800000000E+2
5.213440860215E+2	1.700100000000E+2
5.213636363636E+2	1.734900000000E+2
5.213831867058E+2	1.774000000000E+2
5.214027370479E+2	1.756800000000E+2
5.214222873900E+2	1.745300000000E+2
5.214418377322E+2	1.765500000000E+2
5.214613880743E+2	1.788500000000E+2
5.214809384164E+2	1.814800000000E+2
5.215004887586E+2	1.763400000000E+2
5.215200391007E+2	1.717400000000E+2
5.215395894428E+2	1.743100000000E+2
5.215591397849E+2	1.771800000000E+2
5.215786901271E+2	1.804100000000E+2
5.215982404692E+2	1.800100000000E+2
5.216177908113E+2	1.801100000000E+2
5.216373411535E+2	1.802400000000E+2
5.216568914956E+2	1.807000000000E+2
5.216764418377E+2	1.815400000000E+2
5.216959921799E+2	1.820900000000E+2
5.217155425220E+2	1.831300000000E+2
5.217350928641E+2	1.825900000000E+2
5.217546432063E+2	1.823200000000E+2
5.217741935484E+2	1.823400000000E+2
5.217937438905E+2	1.810300000000E+2
5.218132942326E+2	1.800000000000E+2
5.218328445748E+2	1.792500000000E+2
5.218523949169E+2	1.788100000000E+2
5.218719452590E+2	1.789200000000E+2
5.218914956012E+2	1.777300000000E+2
5.219110459433E+2	1.768600000000E+2
5.219305962854E+2	1.763500000000E+2
5.219501466276E+2	1.778100000000E+2
5.219696969697E+2	1.797100000000E+2
5.219892473118E+2	1.779400000000E+2
5.220087976540E+2	1.765100000000E+2
5.220283479961E+2	1.753700000000E+2
5.220478983382E+2	1.717600000000E+2
5.220674486804E+2	1.686600000000E+2
5.220869990225E+2	1.690400000000E+2
5.221065493646E+2	1.697600000000E+2
5.221260997067E+2	1.707700000000E+2
5.221456500489E+2	1.694400000000E+2
5.221652003910E+2	1.685500000000E+2
5.221847507331E+2	1.692400000000E+2
5.222043010753E+2	1.702700000000E+2
5.222238514174E+2	1.716400000000E+2
5.222434017595E+2	1.657200000000E+2
5.222629521017E+2	1.602700000000E+2
5.222825024438E+2	1.605400000000E+2
5.223020527859E+2	1.611500000000E+2
5.223216031281E+2	1.620300000000E+2
5.223411534702E+2	1.613300000000E+2
5.223607038123E+2	1.609500000000E+2
5.223802541544E+2	1.609200000000E+2
5.223998044966E+2	1.553700000000E+2
5.224193548387E+2	1.503000000000E+2
5.224389051808E+2	1.504800000000E+2
5.224584555230E+2	1.509500000000E+2
5.224780058651E+2	1.518300000000E+2
5.224975562072E+2	1.456600000000E+2
5.225171065494E+2	1.400500000000E+2
5.225366568915E+2	1.390100000000E+2
5.225562072336E+2	1.382900000000E+2
5.225757575758E+2	1.379100000000E+2
5.225953079179E+2	1.334000000000E+2
5.226148582600E+2	1.293200000000E+2
5.226344086022E+2	1.287400000000E+2
5.226539589443E+2	1.285100000000E+2
5.226735092864E+2	1.286300000000E+2
5.226930596285E+2	1.224100000000E+2
5.227126099707E+2	1.166300000000E+2
5.227321603128E+2	1.158900000000E+2
5.227517106549E+2	1.154900000000E+2
5.227712609971E+2	1.153500000000E+2
5.227908113392E+2	1.143500000000E+2
5.228103616813E+2	1.139100000000E+2
5.228299120235E+2	1.104200000000E+2
5.228494623656E+2	1.073000000000E+2
5.228690127077E+2	1.047900000000E+2
5.228885630499E+2	1.057300000000E+2
5.229081133920E+2	1.071700000000E+2
5.229276637341E+2	1.090000000000E+2
5.229472140762E+2	1.091900000000E+2
5.229667644184E+2	1.098900000000E+2
5.229863147605E+2	1.075300000000E+2
5.230058651026E+2	1.054100000000E+2
5.230254154448E+2	1.037300000000E+2
5.230449657869E+2	1.026100000000E+2
5.230645161290E+2	1.021700000000E+2
5.230840664712E+2	1.001100000000E+2
5.231036168133E+2	9.855000000000E+1
5.231231671554E+2	9.738000000000E+1
5.231427174976E+2	9.726000000000E+1
5.231622678397E+2	9.767000000000E+1
5.231818181818E+2	9.387000000000E+1
5.232013685239E+2	9.047000000000E+1
5.232209188661E+2	8.755000000000E+1
5.232404692082E+2	9.302000000000E+1
5.232600195503E+2	9.926000000000E+1
5.232795698925E+2	9.379000000000E+1
5.232991202346E+2	8.873000000000E+1
5.233186705767E+2	8.402000000000E+1
5.233382209189E+2	8.582000000000E+1
5.233577712610E+2	8.814000000000E+1
5.233773216031E+2	8.698000000000E+1
5.233968719453E+2	8.614000000000E+1
5.234164222874E+2	8.566000000000E+1
5.234359726295E+2	8.565000000000E+1
5.234555229717E+2	8.596000000000E+1
5.234750733138E+2	8.697000000000E+1
5.234946236559E+2	8.429000000000E+1
5.235141739980E+2	8.246000000000E+1
5.235337243402E+2	8.049000000000E+1
5.235532746823E+2	7.885000000000E+1
5.235728250244E+2	7.757000000000E+1
5.235923753666E+2	7.517000000000E+1
5.236119257087E+2	7.354000000000E+1
5.236314760508E+2	7.320000000000E+1
5.236510263930E+2	7.349000000000E+1
5.236705767351E+2	7.453000000000E+1
5.236901270772E+2	7.006000000000E+1
5.237096774194E+2	6.726000000000E+1
5.237292277615E+2	6.627000000000E+1
5.237487781036E+2	6.643000000000E+1
5.237683284457E+2	6.718000000000E+1
5.237878787879E+2	6.398000000000E+1
5.238074291300E+2	6.221000000000E+1
5.238269794721E+2	6.149000000000E+1
5.238465298143E+2	6.170000000000E+1
5.238660801564E+2	6.262000000000E+1
5.238856304985E+2	6.207000000000E+1
5.239051808407E+2	6.322000000000E+1
5.239247311828E+2	5.995000000000E+1
5.239442815249E+2	5.726000000000E+1
5.239638318671E+2	5.531000000000E+1
5.239833822092E+2	4.954000000000E+1
5.240029325513E+2	4.572000000000E+1
5.240224828935E+2	4.547000000000E+1
5.240420332356E+2	4.723000000000E+1
5.240615835777E+2	5.013000000000E+1
5.240811339198E+2	4.974000000000E+1
5.241006842620E+2	5.039000000000E+1
5.241202346041E+2	5.235000000000E+1
5.241397849462E+2	4.931000000000E+1
5.241593352884E+2	4.868000000000E+1
5.241788856305E+2	4.536000000000E+1
5.241984359726E+2	4.317000000000E+1
5.242179863148E+2	4.284000000000E+1
5.242375366569E+2	4.050000000000E+1
5.242570869990E+2	4.185000000000E+1
5.242766373412E+2	3.779000000000E+1
5.242961876833E+2	3.524000000000E+1
5.243157380254E+2	3.458000000000E+1
5.243352883675E+2	3.458000000000E+1
5.243548387097E+2	3.873000000000E+1
5.243743890518E+2	3.613000000000E+1
5.243939393939E+2	3.542000000000E+1
5.244134897361E+2	3.721000000000E+1
5.244330400782E+2	3.351000000000E+1
5.244525904203E+2	3.617000000000E+1
5.244721407625E+2	3.446000000000E+1
5.244916911046E+2	3.563000000000E+1
5.245112414467E+2	3.991000000000E+1
5.245307917889E+2	3.274000000000E+1
5.245503421310E+2	3.206000000000E+1
5.245698924731E+2	2.896000000000E+1
5.245894428152E+2	2.861000000000E+1
5.246089931574E+2	3.110000000000E+1
5.246285434995E+2	2.671000000000E+1
5.246480938416E+2	2.573000000000E+1
5.246676441838E+2	2.799000000000E+1
5.246871945259E+2	2.360000000000E+1
5.247067448680E+2	2.597000000000E+1
5.247262952102E+2	2.370000000000E+1
5.247458455523E+2	2.466000000000E+1
5.247653958944E+2	2.901000000000E+1
5.247849462366E+2	2.390000000000E+1
5.248044965787E+2	2.717000000000E+1
5.248240469208E+2	2.466000000000E+1
5.248435972630E+2	2.449000000000E+1
5.248631476051E+2	2.643000000000E+1
5.248826979472E+2	2.292000000000E+1
5.249022482893E+2	2.631000000000E+1
5.249217986315E+2	2.299000000000E+1
5.249413489736E+2	2.207000000000E+1
5.249608993157E+2	2.431000000000E+1
5.249804496579E+2	2.054000000000E+1
5.250000000000E+2	2.330000000000E+1
