Wavelength	Intensity
5.050000000000E+2	1.382000000000E+1
5.050195503421E+2	1.646000000000E+1
5.050391006843E+2	1.164000000000E+1
5.050586510264E+2	9.500000000000E+0
5.050782013685E+2	1.135000000000E+1
5.050977517107E+2	1.055000000000E+1
5.051173020528E+2	1.340000000000E+1
5.051368523949E+2	1.841000000000E+1
5.051564027370E+2	1.304000000000E+1
5.051759530792E+2	1.466000000000E+1
5.051955034213E+2	1.140000000000E+1
5.052150537634E+2	1.166000000000E+1
5.052346041056E+2	1.489000000000E+1
5.052541544477E+2	1.251000000000E+1
5.052737047898E+2	1.833000000000E+1
5.052932551320E+2	1.385000000000E+1
5.053128054741E+2	1.287000000000E+1
5.053323558162E+2	1.569000000000E+1
5.053519061584E+2	1.011000000000E+1
5.053714565005E+2	1.184000000000E+1
5.053910068426E+2	9.890000000000E+0
5.054105571848E+2	1.135000000000E+1
5.054301075269E+2	1.699000000000E+1
5.054496578690E+2	1.027000000000E+1
5.054692082111E+2	1.276000000000E+1
5.054887585533E+2	1.108000000000E+1
5.055083088954E+2	1.298000000000E+1
5.055278592375E+2	1.874000000000E+1
5.055474095797E+2	1.229000000000E+1
5.055669599218E+2	1.509000000000E+1
5.055865102639E+2	1.175000000000E+1
5.056060606061E+2	1.195000000000E+1
5.056256109482E+2	1.613000000000E+1
5.056451612903E+2	1.410000000000E+1
5.056647116325E+2	1.620000000000E+1
5.056842619746E+2	2.187000000000E+1
5.057038123167E+2	1.537000000000E+1
5.057233626588E+2	1.858000000000E+1
5.057429130010E+2	1.463000000000E+1
5.057624633431E+2	1.378000000000E+1
5.057820136852E+2	1.662000000000E+1
5.058015640274E+2	1.340000000000E+1
5.058211143695E+2	1.744000000000E+1
5.058406647116E+2	1.304000000000E+1
5.058602150538E+2	1.143000000000E+1
5.058797653959E+2	1.395000000000E+1
5.058993157380E+2	1.120000000000E+1
5.059188660802E+2	1.672000000000E+1
5.059384164223E+2	1.430000000000E+1
5.059579667644E+2	1.513000000000E+1
5.059775171065E+2	1.947000000000E+1
5.059970674487E+2	1.502000000000E+1
5.060166177908E+2	1.854000000000E+1
5.060361681329E+2	1.388000000000E+1
5.060557184751E+2	1.330000000000E+1
5.060752688172E+2	1.623000000000E+1
5.060948191593E+2	1.217000000000E+1
5.061143695015E+2	1.237000000000E+1
5.061339198436E+2	1.688000000000E+1
5.061534701857E+2	1.339000000000E+1
5.061730205279E+2	1.820000000000E+1
5.061925708700E+2	1.679000000000E+1
5.062121212121E+2	1.827000000000E+1
5.062316715543E+2	2.270000000000E+1
5.062512218964E+2	1.779000000000E+1
5.062707722385E+2	1.944000000000E+1
5.062903225806E+2	1.731000000000E+1
5.063098729228E+2	1.847000000000E+1
5.063294232649E+2	2.319000000000E+1
5.063489736070E+2	2.158000000000E+1
5.063685239492E+2	2.563000000000E+1
5.063880742913E+2	2.197000000000E+1
5.064076246334E+2	2.042000000000E+1
5.064271749756E+2	2.198000000000E+1
5.064467253177E+2	2.102000000000E+1
5.064662756598E+2	2.732000000000E+1
5.064858260020E+2	2.276000000000E+1
5.065053763441E+2	2.230000000000E+1
5.065249266862E+2	2.583000000000E+1
5.065444770283E+2	2.323000000000E+1
5.065640273705E+2	2.296000000000E+1
5.065835777126E+2	2.517000000000E+1
5.066031280547E+2	2.370000000000E+1
5.066226783969E+2	2.968000000000E+1
5.066422287390E+2	2.519000000000E+1
5.066617790811E+2	2.355000000000E+1
5.066813294233E+2	2.421000000000E+1
5.067008797654E+2	2.544000000000E+1
5.067204301075E+2	3.370000000000E+1
5.067399804497E+2	3.198000000000E+1
5.067595307918E+2	3.218000000000E+1
5.067790811339E+2	3.443000000000E+1
5.067986314761E+2	2.951000000000E+1
5.068181818182E+2	3.017000000000E+1
5.068377321603E+2	2.823000000000E+1
5.068572825024E+2	2.845000000000E+1
5.068768328446E+2	3.118000000000E+1
5.068963831867E+2	2.805000000000E+1
5.069159335288E+2	3.081000000000E+1
5.069354838710E+2	2.915000000000E+1
5.069550342131E+2	3.065000000000E+1
5.069745845552E+2	3.464000000000E+1
5.069941348974E+2	3.271000000000E+1
5.070136852395E+2	3.294000000000E+1
5.070332355816E+2	3.578000000000E+1
5.070527859238E+2	3.327000000000E+1
5.070723362659E+2	3.694000000000E+1
5.070918866080E+2	3.488000000000E+1
5.071114369501E+2	3.535000000000E+1
5.071309872923E+2	3.841000000000E+1
5.071505376344E+2	3.582000000000E+1
5.071700879765E+2	3.860000000000E+1
5.071896383187E+2	3.672000000000E+1
5.072091886608E+2	3.757000000000E+1
5.072287390029E+2	4.040000000000E+1
5.072482893451E+2	3.807000000000E+1
5.072678396872E+2	4.083000000000E+1
5.072873900293E+2	3.776000000000E+1
5.073069403715E+2	3.712000000000E+1
5.073264907136E+2	3.880000000000E+1
5.073460410557E+2	3.983000000000E+1
5.073655913978E+2	4.415000000000E+1
5.073851417400E+2	4.159000000000E+1
5.074046920821E+2	4.163000000000E+1
5.074242424242E+2	4.281000000000E+1
5.074437927664E+2	4.256000000000E+1
5.074633431085E+2	4.533000000000E+1
5.074828934506E+2	4.450000000000E+1
5.075024437928E+2	4.511000000000E+1
5.075219941349E+2	4.711000000000E+1
5.075415444770E+2	4.431000000000E+1
5.075610948192E+2	4.305000000000E+1
5.075806451613E+2	4.336000000000E+1
5.076001955034E+2	4.645000000000E+1
5.076197458456E+2	5.229000000000E+1
5.076392961877E+2	4.999000000000E+1
5.076588465298E+2	4.923000000000E+1
5.076783968719E+2	4.942000000000E+1
5.076979472141E+2	5.271000000000E+1
5.077174975562E+2	5.881000000000E+1
5.077370478983E+2	5.484000000000E+1
5.077565982405E+2	5.181000000000E+1
5.077761485826E+2	5.005000000000E+1
5.077956989247E+2	4.972000000000E+1
5.078152492669E+2	5.281000000000E+1
5.078347996090E+2	4.925000000000E+1
5.078543499511E+2	4.767000000000E+1
5.078739002933E+2	4.791000000000E+1
5.078934506354E+2	4.794000000000E+1
5.079130009775E+2	5.061000000000E+1
5.079325513196E+2	5.050000000000E+1
5.079521016618E+2	5.203000000000E+1
5.079716520039E+2	5.450000000000E+1
5.079912023460E+2	5.568000000000E+1
5.080107526882E+2	5.768000000000E+1
5.080303030303E+2	6.115000000000E+1
5.080498533724E+2	6.012000000000E+1
5.080694037146E+2	6.129000000000E+1
5.080889540567E+2	5.885000000000E+1
5.081085043988E+2	5.736000000000E+1
5.081280547410E+2	5.724000000000E+1
5.081476050831E+2	6.113000000000E+1
5.081671554252E+2	6.671000000000E+1
5.081867057674E+2	6.547000000000E+1
5.082062561095E+2	6.476000000000E+1
5.082258064516E+2	6.454000000000E+1
5.082453567937E+2	6.731000000000E+1
5.082649071359E+2	7.082000000000E+1
5.082844574780E+2	6.942000000000E+1
5.083040078201E+2	6.852000000000E+1
5.083235581623E+2	6.803000000000E+1
5.083431085044E+2	6.672000000000E+1
5.083626588465E+2	6.626000000000E+1
5.083822091887E+2	7.180000000000E+1
5.084017595308E+2	7.786000000000E+1
5.084213098729E+2	8.461000000000E+1
5.084408602151E+2	8.236000000000E+1
5.084604105572E+2	8.080000000000E+1
5.084799608993E+2	7.968000000000E+1
5.084995112414E+2	8.346000000000E+1
5.085190615836E+2	8.775000000000E+1
5.085386119257E+2	8.458000000000E+1
5.085581622678E+2	8.167000000000E+1
5.085777126100E+2	7.923000000000E+1
5.085972629521E+2	7.899000000000E+1
5.086168132942E+2	7.928000000000E+1
5.086363636364E+2	8.108000000000E+1
5.086559139785E+2	8.320000000000E+1
5.086754643206E+2	8.578000000000E+1
5.086950146628E+2	8.551000000000E+1
5.087145650049E+2	8.587000000000E+1
5.087341153470E+2	8.742000000000E+1
5.087536656891E+2	8.929000000000E+1
5.087732160313E+2	9.147000000000E+1
5.087927663734E+2	8.907000000000E+1
5.088123167155E+2	8.712000000000E+1
5.088318670577E+2	8.846000000000E+1
5.088514173998E+2	9.009000000000E+1
5.088709677419E+2	9.209000000000E+1
5.088905180841E+2	9.498000000000E+1
5.089100684262E+2	9.811000000000E+1
5.089296187683E+2	1.015800000000E+2
5.089491691105E+2	1.018200000000E+2
5.089687194526E+2	1.025100000000E+2
5.089882697947E+2	1.041700000000E+2
5.090078201369E+2	1.061900000000E+2
5.090273704790E+2	1.084700000000E+2
5.090469208211E+2	1.030000000000E+2
5.090664711632E+2	9.813000000000E+1
5.090860215054E+2	1.035100000000E+2
5.091055718475E+2	1.091400000000E+2
5.091251221896E+2	1.151400000000E+2
5.091446725318E+2	1.162900000000E+2
5.091642228739E+2	1.179400000000E+2
5.091837732160E+2	1.185100000000E+2
5.092033235582E+2	1.193700000000E+2
5.092228739003E+2	1.206000000000E+2
5.092424242424E+2	1.198900000000E+2
5.092619745846E+2	1.196800000000E+2
5.092815249267E+2	1.210500000000E+2
5.093010752688E+2	1.227700000000E+2
5.093206256109E+2	1.248200000000E+2
5.093401759531E+2	1.229300000000E+2
5.093597262952E+2	1.215400000000E+2
5.093792766373E+2	1.262300000000E+2
5.093988269795E+2	1.312100000000E+2
5.094183773216E+2	1.365400000000E+2
5.094379276637E+2	1.359400000000E+2
5.094574780059E+2	1.357200000000E+2
5.094770283480E+2	1.357800000000E+2
5.094965786901E+2	1.347700000000E+2
5.095161290323E+2	1.343600000000E+2
5.095356793744E+2	1.363000000000E+2
5.095552297165E+2	1.385400000000E+2
5.095747800587E+2	1.411600000000E+2
5.095943304008E+2	1.399900000000E+2
5.096138807429E+2	1.393900000000E+2
5.096334310850E+2	1.422400000000E+2
5.096529814272E+2	1.453800000000E+2
5.096725317693E+2	1.488400000000E+2
5.096920821114E+2	1.519800000000E+2
5.097116324536E+2	1.555900000000E+2
5.097311827957E+2	1.583000000000E+2
5.097507331378E+2	1.613800000000E+2
5.097702834800E+2	1.647600000000E+2
5.097898338221E+2	1.704600000000E+2
5.098093841642E+2	1.766900000000E+2
5.098289345064E+2	1.757900000000E+2
5.098484848485E+2	1.752800000000E+2
5.098680351906E+2	1.750300000000E+2
5.098875855327E+2	1.767700000000E+2
5.099071358749E+2	1.789300000000E+2
5.099266862170E+2	1.813200000000E+2
5.099462365591E+2	1.846800000000E+2
5.099657869013E+2	1.883800000000E+2
5.099853372434E+2	1.911600000000E+2
5.100048875855E+2	1.942500000000E+2
5.100244379277E+2	1.976900000000E+2
5.100439882698E+2	1.992400000000E+2
5.100635386119E+2	2.012700000000E+2
5.100830889541E+2	2.024700000000E+2
5.101026392962E+2	2.039700000000E+2
5.101221896383E+2	2.058200000000E+2
5.101417399804E+2	2.042100000000E+2
5.101612903226E+2	2.030200000000E+2
5.101808406647E+2	2.068700000000E+2
5.102003910068E+2	2.110000000000E+2
5.102199413490E+2	2.155200000000E+2
5.102394916911E+2	2.168900000000E+2
5.102590420332E+2	2.187400000000E+2
5.102785923754E+2	2.210300000000E+2
5.102981427175E+2	2.237300000000E+2
5.103176930596E+2	2.267400000000E+2
5.103372434018E+2	2.250300000000E+2
5.103567937439E+2	2.238500000000E+2
5.103763440860E+2	2.271200000000E+2
5.103958944282E+2	2.307300000000E+2
5.104154447703E+2	2.346900000000E+2
5.104349951124E+2	2.355400000000E+2
5.104545454545E+2	2.366500000000E+2
5.104740957967E+2	2.381800000000E+2
5.104936461388E+2	2.410300000000E+2
5.105131964809E+2	2.444200000000E+2
5.105327468231E+2	2.429000000000E+2
5.105522971652E+2	2.416400000000E+2
5.105718475073E+2	2.408300000000E+2
5.105913978495E+2	2.489500000000E+2
5.106109481916E+2	2.574500000000E+2
5.106304985337E+2	2.581500000000E+2
5.106500488759E+2	2.591800000000E+2
5.106695992180E+2	2.604900000000E+2
5.106891495601E+2	2.635400000000E+2
5.107086999022E+2	2.670800000000E+2
5.107282502444E+2	2.668800000000E+2
5.107478005865E+2	2.669400000000E+2
5.107673509286E+2	2.674100000000E+2
5.107869012708E+2	2.753900000000E+2
5.108064516129E+2	2.839000000000E+2
5.108260019550E+2	2.867000000000E+2
5.108455522972E+2	2.898600000000E+2
5.108651026393E+2	2.933700000000E+2
5.108846529814E+2	2.936800000000E+2
5.109042033236E+2	2.942900000000E+2
5.109237536657E+2	2.951700000000E+2
5.109433040078E+2	2.987400000000E+2
5.109628543500E+2	3.027700000000E+2
5.109824046921E+2	3.031100000000E+2
5.110019550342E+2	3.037700000000E+2
5.110215053763E+2	3.047100000000E+2
5.110410557185E+2	3.070500000000E+2
5.110606060606E+2	3.098300000000E+2
5.110801564027E+2	3.135000000000E+2
5.110997067449E+2	3.174800000000E+2
5.111192570870E+2	3.218000000000E+2
5.111388074291E+2	3.195900000000E+2
5.111583577713E+2	3.177800000000E+2
5.111779081134E+2	3.211900000000E+2
5.111974584555E+2	3.249200000000E+2
5.112170087977E+2	3.289800000000E+2
5.112365591398E+2	3.227900000000E+2
5.112561094819E+2	3.171000000000E+2
5.112756598240E+2	3.188100000000E+2
5.112952101662E+2	3.208800000000E+2
5.113147605083E+2	3.232600000000E+2
5.113343108504E+2	3.190400000000E+2
5.113538611926E+2	3.151300000000E+2
5.113734115347E+2	3.115300000000E+2
5.113929618768E+2	3.078600000000E+2
5.114125122190E+2	3.046400000000E+2
5.114320625611E+2	3.033300000000E+2
5.114516129032E+2	3.023500000000E+2
5.114711632454E+2	3.017100000000E+2
5.114907135875E+2	2.993000000000E+2
5.115102639296E+2	2.973700000000E+2
5.115298142717E+2	2.979000000000E+2
5.115493646139E+2	2.988700000000E+2
5.115689149560E+2	3.001000000000E+2
5.115884652981E+2	2.987300000000E+2
5.116080156403E+2	2.978000000000E+2
5.116275659824E+2	2.951400000000E+2
5.116471163245E+2	2.928400000000E+2
5.116666666667E+2	2.908600000000E+2
5.116862170088E+2	2.929700000000E+2
5.117057673509E+2	2.956000000000E+2
5.117253176931E+2	2.933600000000E+2
5.117448680352E+2	2.914900000000E+2
5.117644183773E+2	2.899700000000E+2
5.117839687195E+2	2.879000000000E+2
5.118035190616E+2	2.863100000000E+2
5.118230694037E+2	2.814400000000E+2
5.118426197458E+2	2.768900000000E+2
5.118621700880E+2	2.727200000000E+2
5.118817204301E+2	2.700600000000E+2
5.119012707722E+2	2.677900000000E+2
5.119208211144E+2	2.658000000000E+2
5.119403714565E+2	2.603400000000E+2
5.119599217986E+2	2.554300000000E+2
5.119794721408E+2	2.529300000000E+2
5.119990224829E+2	2.507000000000E+2
5.120185728250E+2	2.488100000000E+2
5.120381231672E+2	2.409900000000E+2
5.120576735093E+2	2.336300000000E+2
5.120772238514E+2	2.284900000000E+2
5.120967741935E+2	2.236800000000E+2
5.121163245357E+2	2.193100000000E+2
5.121358748778E+2	2.127600000000E+2
5.121554252199E+2	2.067000000000E+2
5.121749755621E+2	2.035900000000E+2
5.121945259042E+2	2.008500000000E+2
5.122140762463E+2	1.983500000000E+2
5.122336265885E+2	1.918200000000E+2
5.122531769306E+2	1.857800000000E+2
5.122727272727E+2	1.823500000000E+2
5.122922776149E+2	1.793100000000E+2
5.123118279570E+2	1.765700000000E+2
5.123313782991E+2	1.688700000000E+2
5.123509286413E+2	1.615900000000E+2
5.123704789834E+2	1.545800000000E+2
5.123900293255E+2	1.468700000000E+2
5.124095796676E+2	1.396800000000E+2
5.124291300098E+2	1.352200000000E+2
5.124486803519E+2	1.311400000000E+2
5.124682306940E+2	1.273800000000E+2
5.124877810362E+2	1.256500000000E+2
5.125073313783E+2	1.244100000000E+2
5.125268817204E+2	1.183400000000E+2
5.125464320626E+2	1.126400000000E+2
5.125659824047E+2	1.072500000000E+2
5.125855327468E+2	9.606000000000E+1
5.126050830890E+2	8.532000000000E+1
5.126246334311E+2	8.261000000000E+1
5.126441837732E+2	8.026000000000E+1
5.126637341153E+2	7.832000000000E+1
5.126832844575E+2	7.380000000000E+1
5.127028347996E+2	7.040000000000E+1
5.127223851417E+2	6.787000000000E+1
5.127419354839E+2	6.634000000000E+1
5.127614858260E+2	6.583000000000E+1
5.127810361681E+2	5.658000000000E+1
5.128005865103E+2	4.952000000000E+1
5.128201368524E+2	4.490000000000E+1
5.128396871945E+2	4.129000000000E+1
5.128592375367E+2	3.989000000000E+1
5.128787878788E+2	3.720000000000E+1
5.128983382209E+2	3.624000000000E+1
5.129178885630E+2	3.705000000000E+1
5.129374389052E+2	3.216000000000E+1
5.129569892473E+2	3.282000000000E+1
5.129765395894E+2	3.003000000000E+1
5.129960899316E+2	2.992000000000E+1
5.130156402737E+2	3.306000000000E+1
5.130351906158E+2	2.591000000000E+1
5.130547409580E+2	2.516000000000E+1
5.130742913001E+2	2.219000000000E+1
5.130938416422E+2	2.318000000000E+1
5.131133919844E+2	2.666000000000E+1
5.131329423265E+2	2.267000000000E+1
5.131524926686E+2	2.651000000000E+1
5.131720430108E+2	2.204000000000E+1
5.131915933529E+2	2.035000000000E+1
5.132111436950E+2	2.349000000000E+1
5.132306940371E+2	2.116000000000E+1
5.132502443793E+2	2.584000000000E+1
5.132697947214E+2	2.605000000000E+1
5.132893450635E+2	2.911000000000E+1
5.133088954057E+2	3.446000000000E+1
5.133284457478E+2	3.215000000000E+1
5.133479960899E+2	3.215000000000E+1
5.133675464321E+2	3.537000000000E+1
5.133870967742E+2	3.632000000000E+1
5.134066471163E+2	4.392000000000E+1
5.134261974585E+2	4.245000000000E+1
5.134457478006E+2	4.305000000000E+1
5.134652981427E+2	4.510000000000E+1
5.134848484848E+2	4.915000000000E+1
5.135043988270E+2	5.519000000000E+1
5.135239491691E+2	5.517000000000E+1
5.135434995112E+2	5.616000000000E+1
5.135630498534E+2	5.851000000000E+1
5.135826001955E+2	6.283000000000E+1
5.136021505376E+2	6.858000000000E+1
5.136217008798E+2	7.157000000000E+1
5.136412512219E+2	7.517000000000E+1
5.136608015640E+2	7.943000000000E+1
5.136803519062E+2	8.464000000000E+1
5.136999022483E+2	9.069000000000E+1
5.137194525904E+2	9.494000000000E+1
5.137390029326E+2	9.948000000000E+1
5.137585532747E+2	1.046000000000E+2
5.137781036168E+2	1.072500000000E+2
5.137976539589E+2	1.106500000000E+2
5.138172043011E+2	1.147900000000E+2
5.138367546432E+2	1.191900000000E+2
5.138563049853E+2	1.240000000000E+2
5.138758553275E+2	1.276600000000E+2
5.138954056696E+2	1.317400000000E+2
5.139149560117E+2	1.361500000000E+2
5.139345063539E+2	1.377700000000E+2
5.139540566960E+2	1.398500000000E+2
5.139736070381E+2	1.427500000000E+2
5.139931573803E+2	1.459800000000E+2
5.140127077224E+2	1.495800000000E+2
5.140322580645E+2	1.523900000000E+2
5.140518084066E+2	1.556400000000E+2
5.140713587488E+2	1.585600000000E+2
5.140909090909E+2	1.618700000000E+2
5.141104594330E+2	1.654100000000E+2
5.141300097752E+2	1.654300000000E+2
5.141495601173E+2	1.659800000000E+2
5.141691104594E+2	1.642800000000E+2
5.141886608016E+2	1.629000000000E+2
5.142082111437E+2	1.618600000000E+2
5.142277614858E+2	1.604900000000E+2
5.142473118280E+2	1.595500000000E+2
5.142668621701E+2	1.619500000000E+2
5.142864125122E+2	1.646300000000E+2
5.143059628543E+2	1.676300000000E+2
5.143255131965E+2	1.601800000000E+2
5.143450635386E+2	1.531900000000E+2
5.143646138807E+2	1.531200000000E+2
5.143841642229E+2	1.533400000000E+2
5.144037145650E+2	1.539000000000E+2
5.144232649071E+2	1.513500000000E+2
5.144428152493E+2	1.491200000000E+2
5.144623655914E+2	1.472100000000E+2
5.144819159335E+2	1.412800000000E+2
5.145014662757E+2	1.358500000000E+2
5.145210166178E+2	1.334900000000E+2
5.145405669599E+2	1.314500000000E+2
5.145601173021E+2	1.297900000000E+2
5.145796676442E+2	1.247500000000E+2
5.145992179863E+2	1.202300000000E+2
5.146187683284E+2	1.182200000000E+2
5.146383186706E+2	1.165100000000E+2
5.146578690127E+2	1.152200000000E+2
5.146774193548E+2	1.074100000000E+2
5.146969696970E+2	1.001100000000E+2
5.147165200391E+2	9.472000000000E+1
5.147360703812E+2	8.958000000000E+1
5.147556207234E+2	8.481000000000E+1
5.147751710655E+2	8.513000000000E+1
5.147947214076E+2	8.637000000000E+1
5.148142717498E+2	8.258000000000E+1
5.148338220919E+2	7.938000000000E+1
5.148533724340E+2	7.680000000000E+1
5.148729227761E+2	7.292000000000E+1
5.148924731183E+2	6.944000000000E+1
5.149120234604E+2	6.695000000000E+1
5.149315738025E+2	6.355000000000E+1
5.149511241447E+2	6.134000000000E+1
5.149706744868E+2	6.018000000000E+1
5.149902248289E+2	5.954000000000E+1
5.150097751711E+2	6.002000000000E+1
5.150293255132E+2	5.362000000000E+1
5.150488758553E+2	4.960000000000E+1
5.150684261975E+2	4.491000000000E+1
5.150879765396E+2	4.120000000000E+1
5.151075268817E+2	3.929000000000E+1
5.151270772239E+2	3.294000000000E+1
5.151466275660E+2	3.097000000000E+1
5.151661779081E+2	2.809000000000E+1
5.151857282502E+2	2.756000000000E+1
5.152052785924E+2	3.004000000000E+1
5.152248289345E+2	2.473000000000E+1
5.152443792766E+2	2.575000000000E+1
5.152639296188E+2	2.129000000000E+1
5.152834799609E+2	1.951000000000E+1
5.153030303030E+2	2.168000000000E+1
5.153225806452E+2	1.638000000000E+1
5.153421309873E+2	1.685000000000E+1
5.153616813294E+2	1.360000000000E+1
5.153812316716E+2	1.501000000000E+1
5.154007820137E+2	1.920000000000E+1
5.154203323558E+2	1.451000000000E+1
5.154398826979E+2	1.348000000000E+1
5.154594330401E+2	1.642000000000E+1
5.154789833822E+2	1.305000000000E+1
5.154985337243E+2	1.842000000000E+1
5.155180840665E+2	1.438000000000E+1
5.155376344086E+2	1.443000000000E+1
5.155571847507E+2	1.794000000000E+1
5.155767350929E+2	1.266000000000E+1
5.155962854350E+2	1.623000000000E+1
5.156158357771E+2	1.426000000000E+1
5.156353861193E+2	1.494000000000E+1
5.156549364614E+2	1.848000000000E+1
5.156744868035E+2	1.406000000000E+1
5.156940371457E+2	1.615000000000E+1
5.157135874878E+2	1.286000000000E+1
5.157331378299E+2	1.391000000000E+1
5.157526881720E+2	1.862000000000E+1
5.157722385142E+2	1.372000000000E+1
5.157917888563E+2	1.655000000000E+1
5.158113391984E+2	1.321000000000E+1
5.158308895406E+2	1.360000000000E+1
5.158504398827E+2	1.736000000000E+1
5.158699902248E+2	1.538000000000E+1
5.158895405670E+2	1.912000000000E+1
5.159090909091E+2	1.431000000000E+1
5.159286412512E+2	1.359000000000E+1
5.159481915934E+2	1.641000000000E+1
5.159677419355E+2	1.203000000000E+1
5.159872922776E+2	1.059000000000E+1
5.160068426197E+2	1.288000000000E+1
5.160263929619E+2	1.194000000000E+1
5.160459433040E+2	1.893000000000E+1
5.160654936461E+2	1.485000000000E+1
5.160850439883E+2	1.583000000000E+1
5.161045943304E+2	2.114000000000E+1
5.161241446725E+2	1.586000000000E+1
5.161436950147E+2	1.732000000000E+1
5.161632453568E+2	1.567000000000E+1
5.161827956989E+2	1.655000000000E+1
5.162023460411E+2	2.034000000000E+1
5.162218963832E+2	1.414000000000E+1
5.162414467253E+2	1.685000000000E+1
5.162609970674E+2	1.264000000000E+1
5.162805474096E+2	1.225000000000E+1
5.163000977517E+2	1.683000000000E+1
5.163196480938E+2	1.559000000000E+1
5.163391984360E+2	2.276000000000E+1
5.163587487781E+2	1.689000000000E+1
5.163782991202E+2	1.483000000000E+1
5.163978494624E+2	1.724000000000E+1
5.164173998045E+2	1.363000000000E+1
5.164369501466E+2	1.399000000000E+1
5.164565004888E+2	1.821000000000E+1
5.164760508309E+2	1.681000000000E+1
5.164956011730E+2	2.351000000000E+1
5.165151515152E+2	1.902000000000E+1
5.165347018573E+2	1.842000000000E+1
5.165542521994E+2	2.100000000000E+1
5.165738025415E+2	1.579000000000E+1
5.165933528837E+2	1.878000000000E+1
5.166129032258E+2	1.567000000000E+1
5.166324535679E+2	1.611000000000E+1
5.166520039101E+2	1.858000000000E+1
5.166715542522E+2	1.587000000000E+1
5.166911045943E+2	1.941000000000E+1
5.167106549365E+2	1.703000000000E+1
5.167302052786E+2	1.815000000000E+1
5.167497556207E+2	2.209000000000E+1
5.167693059629E+2	1.837000000000E+1
5.167888563050E+2	2.162000000000E+1
5.168084066471E+2	1.923000000000E+1
5.168279569892E+2	2.126000000000E+1
5.168475073314E+2	2.682000000000E+1
5.168670576735E+2	2.211000000000E+1
5.168866080156E+2	2.518000000000E+1
5.169061583578E+2	2.116000000000E+1
5.169257086999E+2	2.115000000000E+1
5.169452590420E+2	2.557000000000E+1
5.169648093842E+2	2.379000000000E+1
5.169843597263E+2	2.456000000000E+1
5.170039100684E+2	2.750000000000E+1
5.170234604106E+2	2.514000000000E+1
5.170430107527E+2	2.861000000000E+1
5.170625610948E+2	2.303000000000E+1
5.170821114370E+2	2.022000000000E+1
5.171016617791E+2	2.101000000000E+1
5.171212121212E+2	1.978000000000E+1
5.171407624633E+2	2.718000000000E+1
5.171603128055E+2	2.649000000000E+1
5.171798631476E+2	3.018000000000E+1
5.171994134897E+2	3.617000000000E+1
5.172189638319E+2	3.187000000000E+1
5.172385141740E+2	3.298000000000E+1
5.172580645161E+2	3.033000000000E+1
5.172776148583E+2	3.058000000000E+1
5.172971652004E+2	3.237000000000E+1
5.173167155425E+2	2.980000000000E+1
5.173362658847E+2	3.214000000000E+1
5.173558162268E+2	3.103000000000E+1
5.173753665689E+2	3.330000000000E+1
5.173949169110E+2	3.752000000000E+1
5.174144672532E+2	3.619000000000E+1
5.174340175953E+2	3.861000000000E+1
5.174535679374E+2	3.715000000000E+1
5.174731182796E+2	3.837000000000E+1
5.174926686217E+2	4.114000000000E+1
5.175122189638E+2	3.824000000000E+1
5.175317693060E+2	3.754000000000E+1
5.175513196481E+2	3.881000000000E+1
5.175708699902E+2	4.079000000000E+1
5.175904203324E+2	4.667000000000E+1
5.176099706745E+2	4.315000000000E+1
5.176295210166E+2	4.112000000000E+1
5.176490713587E+2	4.113000000000E+1
5.176686217009E+2	4.152000000000E+1
5.176881720430E+2	4.574000000000E+1
5.177077223851E+2	4.477000000000E+1
5.177272727273E+2	4.505000000000E+1
5.177468230694E+2	4.694000000000E+1
5.177663734115E+2	4.218000000000E+1
5.177859237537E+2	4.100000000000E+1
5.178054740958E+2	4.040000000000E+1
5.178250244379E+2	4.190000000000E+1
5.178445747801E+2	4.518000000000E+1
5.178641251222E+2	4.243000000000E+1
5.178836754643E+2	4.290000000000E+1
5.179032258065E+2	4.196000000000E+1
5.179227761486E+2	4.293000000000E+1
5.179423264907E+2	4.645000000000E+1
5.179618768328E+2	4.246000000000E+1
5.179814271750E+2	4.248000000000E+1
5.180009775171E+2	4.283000000000E+1
5.180205278592E+2	4.517000000000E+1
5.180400782014E+2	4.859000000000E+1
5.180596285435E+2	4.552000000000E+1
5.180791788856E+2	4.410000000000E+1
5.180987292278E+2	4.418000000000E+1
5.181182795699E+2	4.147000000000E+1
5.181378299120E+2	4.194000000000E+1
5.181573802542E+2	3.984000000000E+1
5.181769305963E+2	3.967000000000E+1
5.181964809384E+2	4.191000000000E+1
5.182160312805E+2	3.832000000000E+1
5.182355816227E+2	3.878000000000E+1
5.182551319648E+2	3.509000000000E+1
5.182746823069E+2	3.461000000000E+1
5.182942326491E+2	3.682000000000E+1
5.183137829912E+2	3.802000000000E+1
5.183333333333E+2	4.418000000000E+1
5.183528836755E+2	4.113000000000E+1
5.183724340176E+2	3.910000000000E+1
5.183919843597E+2	3.840000000000E+1
5.184115347019E+2	3.366000000000E+1
5.184310850440E+2	3.161000000000E+1
5.184506353861E+2	3.056000000000E+1
5.184701857283E+2	3.282000000000E+1
5.184897360704E+2	3.693000000000E+1
5.185092864125E+2	3.264000000000E+1
5.185288367546E+2	3.102000000000E+1
5.185483870968E+2	3.219000000000E+1
5.185679374389E+2	2.849000000000E+1
5.185874877810E+2	2.905000000000E+1
5.186070381232E+2	2.859000000000E+1
5.186265884653E+2	3.048000000000E+1
5.186461388074E+2	3.385000000000E+1
5.186656891496E+2	2.889000000000E+1
5.186852394917E+2	2.866000000000E+1
5.187047898338E+2	2.563000000000E+1
5.187243401760E+2	2.571000000000E+1
5.187438905181E+2	2.729000000000E+1
5.187634408602E+2	2.697000000000E+1
5.187829912023E+2	3.180000000000E+1
5.188025415445E+2	2.613000000000E+1
5.188220918866E+2	2.249000000000E+1
5.188416422287E+2	2.203000000000E+1
5.188611925709E+2	1.939000000000E+1
5.188807429130E+2	2.420000000000E+1
5.189002932551E+2	2.073000000000E+1
5.189198435973E+2	1.981000000000E+1
5.189393939394E+2	2.255000000000E+1
5.189589442815E+2	1.944000000000E+1
5.189784946237E+2	2.344000000000E+1
5.189980449658E+2	2.089000000000E+1
5.190175953079E+2	2.186000000000E+1
5.190371456500E+2	2.667000000000E+1
5.190566959922E+2	2.017000000000E+1
5.190762463343E+2	1.790000000000E+1
5.190957966764E+2	2.024000000000E+1
5.191153470186E+2	1.630000000000E+1
5.191348973607E+2	2.170000000000E+1
5.191544477028E+2	1.655000000000E+1
5.191739980450E+2	1.549000000000E+1
5.191935483871E+2	1.885000000000E+1
5.192130987292E+2	1.573000000000E+1
5.192326490714E+2	1.964000000000E+1
5.192521994135E+2	1.659000000000E+1
5.192717497556E+2	1.765000000000E+1
5.192913000978E+2	2.233000000000E+1
5.193108504399E+2	1.498000000000E+1
5.193304007820E+2	1.527000000000E+1
5.193499511241E+2	1.453000000000E+1
5.193695014663E+2	1.723000000000E+1
5.193890518084E+2	2.286000000000E+1
5.194086021505E+2	1.957000000000E+1
5.194281524927E+2	2.326000000000E+1
5.194477028348E+2	1.730000000000E+1
5.194672531769E+2	1.418000000000E+1
5.194868035191E+2	1.559000000000E+1
5.195063538612E+2	1.198000000000E+1
5.195259042033E+2	1.766000000000E+1
5.195454545455E+2	1.338000000000E+1
5.195650048876E+2	1.387000000000E+1
5.195845552297E+2	1.833000000000E+1
5.196041055718E+2	1.759000000000E+1
5.196236559140E+2	1.937000000000E+1
5.196432062561E+2	2.389000000000E+1
5.196627565982E+2	1.518000000000E+1
5.196823069404E+2	1.408000000000E+1
5.197018572825E+2	1.106000000000E+1
5.197214076246E+2	1.227000000000E+1
5.197409579668E+2	1.759000000000E+1
5.197605083089E+2	1.461000000000E+1
5.197800586510E+2	2.092000000000E+1
5.197996089932E+2	1.763000000000E+1
5.198191593353E+2	1.761000000000E+1
5.198387096774E+2	2.087000000000E+1
5.198582600196E+2	1.906000000000E+1
5.198778103617E+2	2.442000000000E+1
5.198973607038E+2	2.076000000000E+1
5.199169110459E+2	2.044000000000E+1
5.199364613881E+2	2.414000000000E+1
5.199560117302E+2	2.209000000000E+1
5.199755620723E+2	2.745000000000E+1
5.199951124145E+2	2.609000000000E+1
5.200146627566E+2	2.835000000000E+1
5.200342130987E+2	3.283000000000E+1
5.200537634409E+2	2.782000000000E+1
5.200733137830E+2	3.007000000000E+1
5.200928641251E+2	2.575000000000E+1
5.201124144673E+2	2.538000000000E+1
5.201319648094E+2	2.863000000000E+1
5.201515151515E+2	2.880000000000E+1
5.201710654936E+2	3.214000000000E+1
5.201906158358E+2	3.715000000000E+1
5.202101661779E+2	3.423000000000E+1
5.202297165200E+2	3.516000000000E+1
5.202492668622E+2	3.421000000000E+1
5.202688172043E+2	3.489000000000E+1
5.202883675464E+2	3.693000000000E+1
5.203079178886E+2	3.755000000000E+1
5.203274682307E+2	4.127000000000E+1
5.203470185728E+2	4.157000000000E+1
5.203665689150E+2	4.351000000000E+1
5.203861192571E+2	4.757000000000E+1
5.204056695992E+2	4.464000000000E+1
5.204252199413E+2	4.442000000000E+1
5.204447702835E+2	4.260000000000E+1
5.204643206256E+2	4.196000000000E+1
5.204838709677E+2	4.342000000000E+1
5.205034213099E+2	4.538000000000E+1
5.205229716520E+2	5.150000000000E+1
5.205425219941E+2	4.959000000000E+1
5.205620723363E+2	4.953000000000E+1
5.205816226784E+2	5.061000000000E+1
5.206011730205E+2	5.215000000000E+1
5.206207233627E+2	5.616000000000E+1
5.206402737048E+2	5.640000000000E+1
5.206598240469E+2	5.753000000000E+1
5.206793743891E+2	5.909000000000E+1
5.206989247312E+2	5.898000000000E+1
5.207184750733E+2	5.942000000000E+1
5.207380254154E+2	6.076000000000E+1
5.207575757576E+2	6.144000000000E+1
5.207771260997E+2	6.369000000000E+1
5.207966764418E+2	6.450000000000E+1
5.208162267840E+2	6.612000000000E+1
5.208357771261E+2	6.823000000000E+1
5.208553274682E+2	6.555000000000E+1
5.208748778104E+2	6.371000000000E+1
5.208944281525E+2	6.356000000000E+1
5.209139784946E+2	6.383000000000E+1
5.209335288368E+2	6.465000000000E+1
5.209530791789E+2	6.307000000000E+1
5.209726295210E+2	6.282000000000E+1
5.209921798631E+2	6.270000000000E+1
5.210117302053E+2	6.366000000000E+1
5.210312805474E+2	6.520000000000E+1
5.210508308895E+2	6.487000000000E+1
5.210703812317E+2	6.543000000000E+1
5.210899315738E+2	6.760000000000E+1
5.211094819159E+2	7.025000000000E+1
5.211290322581E+2	7.344000000000E+1
5.211485826002E+2	7.079000000000E+1
5.211681329423E+2	6.900000000000E+1
5.211876832845E+2	7.211000000000E+1
5.212072336266E+2	7.573000000000E+1
5.212267839687E+2	7.970000000000E+1
5.212463343109E+2	7.639000000000E+1
5.212658846530E+2	7.348000000000E+1
5.212854349951E+2	7.102000000000E+1
5.213049853372E+2	7.545000000000E+1
5.213245356794E+2	8.080000000000E+1
5.213440860215E+2	7.857000000000E+1
5.213636363636E+2	7.700000000000E+1
5.213831867058E+2	7.582000000000E+1
5.214027370479E+2	7.650000000000E+1
5.214222873900E+2	7.828000000000E+1
5.214418377322E+2	7.921000000000E+1
5.214613880743E+2	8.098000000000E+1
5.214809384164E+2	8.333000000000E+1
5.215004887586E+2	8.263000000000E+1
5.215200391007E+2	8.254000000000E+1
5.215395894428E+2	8.141000000000E+1
5.215591397849E+2	8.066000000000E+1
5.215786901271E+2	8.015000000000E+1
5.215982404692E+2	8.133000000000E+1
5.216177908113E+2	8.388000000000E+1
5.216373411535E+2	8.198000000000E+1
5.216568914956E+2	8.106000000000E+1
5.216764418377E+2	8.090000000000E+1
5.216959921799E+2	8.222000000000E+1
5.217155425220E+2	8.427000000000E+1
5.217350928641E+2	8.245000000000E+1
5.217546432063E+2	8.095000000000E+1
5.217741935484E+2	7.981000000000E+1
5.217937438905E+2	7.977000000000E+1
5.218132942326E+2	8.016000000000E+1
5.218328445748E+2	8.094000000000E+1
5.218523949169E+2	7.926000000000E+1
5.218719452590E+2	7.809000000000E+1
5.218914956012E+2	7.847000000000E+1
5.219110459433E+2	7.909000000000E+1
5.219305962854E+2	8.020000000000E+1
5.219501466276E+2	8.147000000000E+1
5.219696969697E+2	8.358000000000E+1
5.219892473118E+2	8.083000000000E+1
5.220087976540E+2	7.858000000000E+1
5.220283479961E+2	7.665000000000E+1
5.220478983382E+2	7.612000000000E+1
5.220674486804E+2	7.639000000000E+1
5.220869990225E+2	7.640000000000E+1
5.221065493646E+2	7.708000000000E+1
5.221260997067E+2	7.813000000000E+1
5.221456500489E+2	7.325000000000E+1
5.221652003910E+2	6.915000000000E+1
5.221847507331E+2	6.912000000000E+1
5.222043010753E+2	6.991000000000E+1
5.222238514174E+2	7.103000000000E+1
5.222434017595E+2	7.167000000000E+1
5.222629521017E+2	7.316000000000E+1
5.222825024438E+2	7.369000000000E+1
5.223020527859E+2	7.496000000000E+1
5.223216031281E+2	7.662000000000E+1
5.223411534702E+2	7.370000000000E+1
5.223607038123E+2	7.134000000000E+1
5.223802541544E+2	6.992000000000E+1
5.223998044966E+2	6.873000000000E+1
5.224193548387E+2	6.952000000000E+1
5.224389051808E+2	6.867000000000E+1
5.224584555230E+2	6.908000000000E+1
5.224780058651E+2	7.023000000000E+1
5.224975562072E+2	6.749000000000E+1
5.225171065494E+2	6.589000000000E+1
5.225366568915E+2	6.397000000000E+1
5.225562072336E+2	6.275000000000E+1
5.225757575758E+2	6.223000000000E+1
5.225953079179E+2	6.404000000000E+1
5.226148582600E+2	6.757000000000E+1
5.226344086022E+2	6.452000000000E+1
5.226539589443E+2	6.243000000000E+1
5.226735092864E+2	6.129000000000E+1
5.226930596285E+2	5.912000000000E+1
5.227126099707E+2	5.816000000000E+1
5.227321603128E+2	5.682000000000E+1
5.227517106549E+2	5.654000000000E+1
5.227712609971E+2	5.707000000000E+1
5.227908113392E+2	5.387000000000E+1
5.228103616813E+2	5.289000000000E+1
5.228299120235E+2	5.170000000000E+1
5.228494623656E+2	5.160000000000E+1
5.228690127077E+2	5.293000000000E+1
5.228885630499E+2	4.841000000000E+1
5.229081133920E+2	4.586000000000E+1
5.229276637341E+2	4.595000000000E+1
5.229472140762E+2	4.657000000000E+1
5.229667644184E+2	5.068000000000E+1
5.229863147605E+2	5.156000000000E+1
5.230058651026E+2	5.345000000000E+1
5.230254154448E+2	5.585000000000E+1
5.230449657869E+2	4.721000000000E+1
5.230645161290E+2	4.010000000000E+1
5.230840664712E+2	4.140000000000E+1
5.231036168133E+2	4.395000000000E+1
5.231231671554E+2	4.778000000000E+1
5.231427174976E+2	4.813000000000E+1
5.231622678397E+2	5.172000000000E+1
5.231818181818E+2	4.859000000000E+1
5.232013685239E+2	4.674000000000E+1
5.232209188661E+2	4.655000000000E+1
5.232404692082E+2	4.495000000000E+1
5.232600195503E+2	4.655000000000E+1
5.232795698925E+2	4.508000000000E+1
5.232991202346E+2	4.557000000000E+1
5.233186705767E+2	4.816000000000E+1
5.233382209189E+2	4.126000000000E+1
5.233577712610E+2	3.817000000000E+1
5.233773216031E+2	3.797000000000E+1
5.233968719453E+2	3.987000000000E+1
5.234164222874E+2	4.328000000000E+1
5.234359726295E+2	4.047000000000E+1
5.234555229717E+2	3.938000000000E+1
5.234750733138E+2	3.976000000000E+1
5.234946236559E+2	3.885000000000E+1
5.235141739980E+2	4.187000000000E+1
5.235337243402E+2	4.022000000000E+1
5.235532746823E+2	4.004000000000E+1
5.235728250244E+2	4.183000000000E+1
5.235923753666E+2	3.685000000000E+1
5.236119257087E+2	3.722000000000E+1
5.236314760508E+2	3.311000000000E+1
5.236510263930E+2	3.213000000000E+1
5.236705767351E+2	3.291000000000E+1
5.236901270772E+2	3.232000000000E+1
5.237096774194E+2	3.549000000000E+1
5.237292277615E+2	3.303000000000E+1
5.237487781036E+2	3.232000000000E+1
5.237683284457E+2	3.372000000000E+1
5.237878787879E+2	2.874000000000E+1
5.238074291300E+2	2.822000000000E+1
5.238269794721E+2	2.762000000000E+1
5.238465298143E+2	2.924000000000E+1
5.238660801564E+2	3.330000000000E+1
5.238856304985E+2	3.024000000000E+1
5.239051808407E+2	3.269000000000E+1
5.239247311828E+2	2.886000000000E+1
5.239442815249E+2	2.736000000000E+1
5.239638318671E+2	2.832000000000E+1
5.239833822092E+2	2.635000000000E+1
5.240029325513E+2	2.921000000000E+1
5.240224828935E+2	2.479000000000E+1
5.240420332356E+2	2.368000000000E+1
5.240615835777E+2	2.546000000000E+1
5.240811339198E+2	2.397000000000E+1
5.241006842620E+2	2.492000000000E+1
5.241202346041E+2	2.961000000000E+1
5.241397849462E+2	2.518000000000E+1
5.241593352884E+2	2.836000000000E+1
5.241788856305E+2	2.508000000000E+1
5.241984359726E+2	2.465000000000E+1
5.242179863148E+2	2.640000000000E+1
5.242375366569E+2	2.170000000000E+1
5.242570869990E+2	2.404000000000E+1
5.242766373412E+2	2.042000000000E+1
5.242961876833E+2	2.013000000000E+1
5.243157380254E+2	2.350000000000E+1
5.243352883675E+2	2.064000000000E+1
5.243548387097E+2	2.558000000000E+1
5.243743890518E+2	2.216000000000E+1
5.243939393939E+2	2.271000000000E+1
5.244134897361E+2	2.707000000000E+1
5.244330400782E+2	2.086000000000E+1
5.244525904203E+2	2.374000000000E+1
5.244721407625E+2	1.993000000000E+1
5.244916911046E+2	1.917000000000E+1
5.245112414467E+2	2.211000000000E+1
5.245307917889E+2	1.674000000000E+1
5.245503421310E+2	1.842000000000E+1
5.245698924731E+2	1.628000000000E+1
5.245894428152E+2	1.772000000000E+1
5.246089931574E+2	2.292000000000E+1
5.246285434995E+2	1.834000000000E+1
5.246480938416E+2	1.870000000000E+1
5.246676441838E+2	2.305000000000E+1
5.246871945259E+2	1.600000000000E+1
5.247067448680E+2	1.716000000000E+1
5.247262952102E+2	1.526000000000E+1
5.247458455523E+2	1.680000000000E+1
5.247653958944E+2	2.102000000000E+1
5.247849462366E+2	1.780000000000E+1
5.248044965787E+2	2.305000000000E+1
5.248240469208E+2	1.692000000000E+1
5.248435972630E+2	1.486000000000E+1
5.248631476051E+2	1.755000000000E+1
5.248826979472E+2	1.450000000000E+1
5.249022482893E+2	1.834000000000E+1
5.249217986315E+2	1.468000000000E+1
5.249413489736E+2	1.509000000000E+1
5.249608993157E+2	1.877000000000E+1
5.249804496579E+2	1.501000000000E+1
5.250000000000E+2	1.998000000000E+1
